0.8673133,-0.41149157,0.7210724,-0.51150256,-0.9034481,1.6488392,-0.5268557,0.79741955,-0.6760774,-0.68139476,0.793557,-3.2663803,0.25335106,-0.55705756,0.75023425,-0.7841123,-2.0463698,-0.6198907,-1.9097891,3.7049181
2.0990949,-1.7499673,-5.8462424,-6.150118,-7.627541,-1.1102734,-1.2403346,4.8604236,5.765921,-1.3350888,2.915461,-6.519215,-0.3714519,-2.8473742,-1.2685248,-4.4780097,-3.2062616,-11.714174,-0.81522375,-5.414383
-3.434084,-2.5188513,-0.8329809,-0.49755043,0.86093664,1.1112741,0.42368928,-1.3786188,-3.9745429,-3.7235498,-2.3617175,-6.5232687,-3.0848572,-5.435112,-5.0801,-4.555836,-13.179547,-4.47929,-9.410417,-7.905127
0.80268747,3.9288743,-0.4467938,-3.7687142,-3.7170234,-3.5149405,-1.4010998,-1.9456326,1.5304048,-7.2822485,-4.4606285,4.8986807,1.8635627,-2.3903012,-6.3871646,-5.1042624,7.4739194,2.4538496,0.018455632,-1.2517369
-1.4168721,-1.6029437,0.29778817,6.022465,-0.3012324,-1.8882746,2.3457663,-0.96256036,4.405527,-0.8014521,-0.2618683,0.21357137,1.2303562,-0.7999974,-2.7308896,0.4233349,6.409326,-1.1738036,1.5388104,1.1083257
0.07067082,-0.822002,1.9495857,1.114688,1.5820524,-0.07159083,0.19845074,-1.0618826,-0.073949374,-0.26192793,-1.8057252,-1.5874845,-3.0105493,-1.4554667,2.822125,0.858655,-7.432976,-0.27920294,-6.219654,-8.105279
-1.7107444,-0.4873927,1.3950937,0.16384389,0.01554248,7.809017,-3.087629,-0.22076644,-4.3805213,-2.2017643,-0.84445673,-3.6854928,-3.1743038,3.006308,1.5082655,-2.1152093,-8.237731,-1.4156529,-8.086812,-7.341115
-1.2406886,0.0037447046,-0.19686803,-0.25203666,0.4819127,0.082928345,0.9129116,-0.7834023,2.9372869,2.3317332,0.34651908,-1.236259,-0.8801945,-0.8509865,1.322301,0.20945483,-3.7643418,2.625062,-3.310847,-1.6071177
-0.22731325,1.4434942,1.7146292,0.9611939,-0.6615954,-1.961973,0.60173684,-0.5732964,-0.68238163,4.1276565,0.5884269,1.9503915,-1.2333989,0.9000403,4.8797393,1.7714227,1.1686244,-0.6999182,0.33343616,0.34947184
3.1963427,-1.2853293,-11.00379,-10.291326,-4.4707046,-6.1309905,-4.5567594,-3.4235308,0.3609377,-1.3379965,-3.818965,1.6250818,-1.1703719,5.6197553,-3.4006946,4.8513713,-1.8902738,-2.5979385,3.0851252,3.454621
0.2483551,0.7426233,2.067453,1.5142987,0.3511459,-0.8805124,0.28170347,-0.21540715,-1.7636021,0.100465804,0.6599746,-1.7539564,-2.8424313,1.6021631,-0.69471216,5.0435286,-1.3938383,1.2851012,0.75679165,-2.2038798
-2.713954,-1.1727496,4.144486,1.7269164,-4.916296,-5.6263604,-5.5327053,2.2296085,-5.569189,2.6254792,1.7096514,0.051399924,-1.1274856,-5.379827,-6.195673,-1.1429152,-0.09878865,-1.7465029,4.009618,-3.1670313
-1.8717471,0.5299397,-0.85088485,-0.57141864,1.0791641,1.9511544,-0.4497928,0.50504804,-0.262923,-5.8462543,-0.28132004,-7.176681,-3.3886733,-5.437151,-1.7850804,-3.1884534,-5.022509,0.8367657,-7.9617133,-8.582602
-0.12231773,-0.14252226,-1.4987245,-4.949569,-5.859989,-4.4889975,0.027490512,-2.3020935,-4.1861453,2.8664653,5.50068,-1.2848574,1.9997232,-2.670998,-4.544816,-2.6601934,-6.1760225,-5.298226,-6.28224,-5.0550084
-0.46443078,1.1291927,-1.3993603,-0.16048841,0.93974847,1.6336915,-0.19102053,-2.1108665,-7.126165,3.0752678,-2.647317,-7.758585,-4.000287,7.480783,3.2051034,-1.057337,-3.8667874,0.42704993,2.8477201,-4.997778
-0.66778797,-0.07131411,-0.18164834,0.9346712,-0.015053674,-1.3912351,5.405935,-1.2389162,-2.3566132,2.51928,-0.51758313,-2.6027942,-1.9036398,-0.44821844,0.22638188,1.6594962,-1.9836379,0.49785385,-1.2987357,-1.6149366
-3.5715613,0.31838116,-0.89570946,0.56232315,4.894498,-2.64619,-1.0302945,-2.0821197,0.38802385,2.2247372,-1.0620658,-2.8233314,3.7873306,4.2619033,-3.2203267,-1.4633328,-8.421461,-4.0624905,-10.555769,-4.000512
-1.5726689,-0.53658813,0.331297,0.79552025,3.247063,0.9154134,-0.93036073,-0.92013264,-2.3522255,-3.1858976,-1.7768447,-2.656051,0.38470104,-2.662403,-0.58002436,-0.9422529,-4.2912807,-0.9218931,-3.466154,-0.85191345
-0.9137691,0.1494868,1.7260557,0.20824626,4.292231,0.015215467,1.0080969,-0.5181727,-2.3259344,-0.21634799,-0.6413857,-2.5114584,-3.4984875,5.0225506,5.8099527,-2.127689,-0.3908228,-1.0855062,0.31274077,-4.6988544
-0.3439302,0.15597801,1.7524446,0.78092116,-0.6654023,-1.9855667,-0.9914408,0.011189006,0.000923991,4.3203163,-0.25773132,-2.2168646,-0.14321995,-0.29203147,2.4571364,1.7092593,-0.4362455,-0.57892555,-1.657816,-3.7638197
-0.31031996,-0.45064032,-0.93523216,2.811743,2.226076,-0.040342208,-0.7359746,-0.64661723,-4.9123654,-2.1892397,-2.863668,-1.5710642,-4.6376524,-4.153774,-5.063682,-3.457448,-13.857614,-2.5070856,-8.769451,-8.234641
0.25083995,-0.18221785,0.04395723,0.012435151,-1.9236199,3.517588,-0.1269879,-1.2061807,-1.2719275,-2.518785,-0.48013175,-2.3025205,-1.3219829,-3.5515888,-3.1619008,-0.91546017,-4.816373,-2.33389,8.637188,-3.4800975
-1.158616,0.5437299,0.5092399,1.8016696,1.4531704,0.014063487,-1.2892113,-0.0017665471,-4.4626465,1.543477,6.749099,-0.48135242,-2.2630413,-0.3083306,0.287433,1.9668719,-6.20956,-3.2087727,6.557147,-1.0803292
0.32453033,-0.23703918,0.8505429,-4.1287074,5.391928,-1.1206325,0.3227289,0.9499069,-3.9470227,-2.6364262,3.8198097,2.7623,-1.5922084,-5.6850257,-0.35248026,-6.0197334,1.8791485,-4.634231,-3.9079022,3.0323026
-1.8781856,0.23973806,1.2430398,2.1328979,0.31179276,1.8234675,-1.4511226,-1.893924,3.0110428,-0.14011334,-1.373296,-1.3363768,2.5073726,-1.4474778,0.6640471,-0.85927254,-12.598701,-3.801938,-10.074472,-5.5746665
0.08377924,-1.458369,4.1192865,-2.4453773,4.1681557,-1.2611171,0.16270731,-0.0017087193,0.10881022,-0.747436,1.5551535,-0.7163628,1.7710705,-2.9767985,-2.6440368,0.27715775,-9.430795,-0.74463487,-6.214596,4.3280697
-0.8635283,-0.6389382,0.8404049,-0.7499605,-1.9899,-0.35115895,1.2160652,-2.092643,-1.2886182,0.3004672,-0.44861367,-1.7733222,-0.86098075,1.1381861,4.486981,0.977742,-3.7269356,1.0521245,-1.6303341,-3.823512
0.34004104,-0.38898095,0.23466617,1.582379,1.3082278,-0.15726326,0.3053268,0.017431876,-1.7684937,2.0412917,1.487448,1.0266229,-1.5904721,1.6709564,2.8880064,1.1696852,0.5818843,-1.4547752,0.69561845,-1.5340787
-0.052032717,0.2394908,-1.6397178,-2.6838288,-3.5825627,-4.5178514,2.133165,3.9288142,-3.3269646,-0.9874307,-5.8257546,-9.574019,1.7748263,-2.5168998,3.14627,-4.744405,0.6774787,-3.4134033,-6.2419977,-5.8797765
-8.130366,-7.7816415,-14.442106,-7.513169,-15.266167,-15.336026,-7.117755,-8.449418,-8.2349825,-5.7970934,-3.979841,-4.4308624,-0.45184413,-3.6342664,-2.5890157,-3.767923,-5.0441175,-3.1650517,-6.3048677,-10.529912
-2.5488684,0.6630626,-0.5671095,0.7768335,0.09268387,0.9522511,-0.32087785,0.7612948,-3.798563,-2.7309487,-1.9415759,-8.193169,-3.6758459,-3.3158977,-5.637964,-3.885408,-11.727972,4.5389733,-7.634726,-7.815412
-0.839568,0.22109969,1.6846291,0.49638343,1.4898432,-2.1205919,0.3238181,-0.07578304,-0.84834903,0.059909664,0.8491091,-0.51630235,-1.2334408,-0.82546514,1.1279213,-2.0667694,-7.4629917,-0.5297278,-0.5127259,-6.30417
-2.729056,1.236148,1.4388252,-1.46375,-1.062437,1.0163257,-0.62406296,-1.7011633,-7.1492033,-6.278886,-5.7920346,-6.6143713,-6.161318,-9.526228,-0.99659556,-4.024853,-13.809538,-6.317862,-17.034374,-14.69008
-1.9341595,-0.5786102,-0.7617946,0.99937594,0.40772036,-0.98698634,-0.24909902,0.34571087,-2.0909965,-0.52943057,-3.8075874,-4.7830286,5.6384673,-4.482266,-3.183581,0.3084915,-5.836416,-2.6470568,-3.3943737,-6.0273643
-0.5524914,1.0018927,1.4481447,-1.6029966,-2.1813085,-4.850692,0.7764633,-1.2308053,-1.329007,4.5872397,-2.6790593,6.3504233,3.5849166,-4.2212486,-3.3888953,4.753477,1.4059426,-0.58695644,-1.5460856,-0.42174226
-0.7644478,0.41377717,1.4483632,0.9220458,-4.120703,7.1824393,-3.1074405,-2.745298,-2.4660938,2.88008,1.4209973,0.81606555,1.054272,-2.7656267,-4.4875565,-5.3517895,-7.3479595,-4.1604815,-9.003124,-2.8541348
-0.621809,0.89692795,1.3263564,2.6371202,-4.331997,-0.9657208,-0.37643865,-1.0284555,-7.5215287,3.6440938,0.3844558,-8.374307,-6.6307573,-1.0750626,-0.34446627,0.24933103,1.369466,-2.9078598,2.3837147,6.928355
-0.1533859,0.27706838,2.347592,0.50048745,-0.45901966,0.019475697,1.0643125,-0.90165186,0.52087766,1.0851104,-1.1389827,-0.17157896,-3.3822913,-2.6460595,-1.196726,6.079132,-1.325281,-0.1636962,-1.5335177,-2.0579183
-0.16697791,0.65677196,1.4328026,3.6614149,2.718544,0.3200102,0.4423813,0.6833978,-0.7961729,2.565153,2.384516,-1.4814589,-0.9395969,1.0093619,-0.23571852,0.1636969,-4.892907,-3.2012362,-4.860993,-1.7973351
2.3555844,0.39895153,5.180559,0.5949235,-1.4270868,3.8599584,-2.2639093,-2.4536524,-5.250917,-4.847376,-1.9888494,-2.2085304,2.460229,-8.339229,0.26915047,6.842195,-3.4021325,0.037331708,-11.310184,1.0711029
0.531126,1.5914892,-1.0537236,-3.703877,-3.8117566,-3.9725683,5.2170916,-1.4129899,-0.7561912,-0.5271859,0.1316443,-7.7795644,-2.108992,-4.434097,7.211339,-0.9460209,-6.4838524,-3.34123,4.2348924,-3.6017447
-2.3218782,-0.15391617,0.23808178,2.8847303,-0.5191211,-3.5332975,5.622541,1.2451859,0.009352302,-6.1585717,-4.088228,-6.5739794,2.991379,-6.9876046,-8.241349,-1.2285355,-18.04177,-5.9403687,-10.8873415,-15.589869
-0.92289144,-0.29783878,1.951988,0.9996674,-0.2183688,-2.3685336,0.6952833,-0.53077376,-1.6783279,3.1230333,1.1455048,-1.4355601,-0.3538952,-0.37703297,4.139369,0.7692653,5.1857176,-1.6034236,1.0395321,-2.3816886
-1.2415578,-0.32430848,0.7886206,-0.5620112,0.98515934,-0.5789993,-2.0912633,-1.8380799,2.7331846,2.9683595,-0.9355862,5.0113277,-1.3338845,-2.2044845,0.12931,0.7379494,-3.4566808,5.669969,-1.9844662,-1.5584148
-0.45522928,0.99182373,0.31260136,4.100481,0.20743085,-2.865256,-0.6093387,0.38975763,-2.2996905,4.295759,0.3867901,1.1957192,3.812761,-1.2375078,-0.69784945,1.2942163,-2.2541883,-0.88374597,-0.7085279,4.7031555
0.79896957,-1.332394,-2.234232,-0.6789771,1.1018889,-3.1222503,-0.03539314,-1.4559215,-6.8439145,0.38495556,-4.5310903,-8.551288,-5.17394,-0.3704454,-0.41084263,-5.1362667,-4.133075,9.836629,-2.726674,-0.74661785
0.15914212,-0.6091877,-1.0856959,-0.72060066,2.4417295,-0.56751335,0.39975342,1.2171421,1.3281702,0.4944617,-1.1839048,4.3287745,-1.6208168,0.6029907,1.3190824,-1.4889256,-0.8251651,0.36256427,-3.0930786,3.0296705
-2.966913,-0.28449452,1.2887422,0.00071523525,-3.814926,0.15114012,-1.2031968,-1.1404324,4.2682843,-3.153964,-3.1581583,7.037789,1.9808306,3.8959744,8.19924,-0.7170188,-4.0969925,-3.9240618,1.0468241,-8.822424
0.3636617,0.07619407,0.5550361,-1.1732224,-1.2059178,1.1235336,1.8488243,-0.058933266,-1.3022512,1.2190801,-1.0950987,-1.1195279,-3.934533,-0.32107487,5.766199,2.911399,-1.4220629,0.68702954,-0.8628064,0.059692163
-0.367103,1.1762273,0.21365947,1.2027696,-0.83768386,-2.5193334,-2.4608524,-0.8799866,-1.7000576,4.50328,2.098098,3.0902605,-2.5385087,0.84989804,-1.4029149,1.4500438,0.6955146,-2.1492608,0.24891841,2.1306164