3.2413998,-0.73607564,1.5030022,-3.4338946,-1.8391516,0.77473384,-0.97391963,-1.0142028,1.1252928,-6.4619045,-3.5842574,-17.213196,-2.4785416,-3.2238286,-11.29844,-3.3074918,-0.80852014,-3.7338805,-13.165902,5.2913384
4.1391163,-1.5352131,-8.639604,-13.242332,-9.558795,-1.9319334,-3.061683,6.9404497,9.837426,-1.593272,5.3945203,-11.436574,-0.5607932,-10.143944,-1.7112969,-9.54339,-8.621933,-9.670906,2.1313148,-7.687043
-3.4885185,-1.5514917,-1.1675941,-0.45359176,1.0442785,0.44660008,0.23531851,-3.5534747,-6.0157766,-8.6005945,-9.024666,-13.334843,0.014927622,-13.072017,-7.5637136,-8.661041,-21.046625,-6.225438,-14.31694,-11.871062
1.3418008,5.990269,0.6383725,-6.305635,-7.391738,-7.6151695,1.5862412,-5.9849334,2.7967834,-6.9097133,-7.9352064,4.788762,1.4402243,-12.044578,-12.704459,-8.332643,10.888279,0.5972403,-6.5525064,-7.21701
-6.8315535,-3.8815393,-5.658506,7.9130397,-1.1512941,-0.59497976,4.9681973,-2.5798955,11.296002,-2.435526,-0.352375,-1.9801311,-7.4683614,0.58533365,-8.325377,-0.20831962,11.928303,-1.4895283,0.54249513,-0.15790516
-0.31972975,0.21772945,3.1487536,0.69532335,0.18366142,-0.94933057,1.4118148,-2.1171203,2.2518048,-6.0929146,-7.421883,-11.865871,-3.2619364,0.9310382,1.8246125,-5.1464043,-14.120292,-5.773285,-8.676242,-5.6127605
-1.9209316,-1.3354318,1.5933664,-3.9125845,-0.86766446,10.767114,-4.6345825,2.8819387,-4.341032,-6.068368,-2.8983958,-11.991891,-0.08449432,1.2730767,1.4888436,-2.8132465,-11.443207,-7.9237256,-3.521511,-23.10036
-0.8464206,0.24780558,0.25815335,-0.22436349,2.2274814,-2.5976636,1.0806102,1.6089097,7.728568,2.3912497,4.4094276,-6.977329,-5.2882757,-3.7303238,-3.3933759,-0.89272577,-11.135369,-1.2591295,-12.169418,-6.58609
1.4807652,1.3870229,4.1063004,0.9636112,-4.614841,-0.3544159,1.5855471,-2.8720798,-1.5228244,3.8758876,4.4308114,-2.5452726,-1.0514455,-3.7482312,8.567088,-6.6628904,2.7923143,0.54943234,0.24598317,-0.41369048
5.877011,-4.505768,-15.371428,-15.1388645,-8.754531,-11.016005,-9.279007,-5.618913,-0.9797298,-5.1953588,-7.4564223,3.332445,-1.2790023,8.747205,-6.857834,7.10613,-5.308998,-3.313718,4.9473076,4.2688885
1.5615929,2.4061813,2.8718805,0.6088947,-0.6056709,-1.2155776,-2.8587773,-0.76217425,-7.6328225,-5.2401752,-3.2042181,-9.506299,1.8193156,3.4658947,-10.207649,6.0007477,-15.5959835,-5.9108267,-2.1895819,-2.3826277
-5.186339,-9.451314,4.476664,1.7650777,-5.7782035,-10.679669,-8.962879,6.5254583,-11.805452,4.4098487,4.6401463,0.9506483,-0.061693266,-11.261466,-10.747895,-4.041683,6.3959103,2.930182,5.731424,-2.6780798
-1.9520329,3.0936122,-1.1611605,-2.8078268,3.102758,-0.10739253,-1.9034057,1.1314478,-1.9152206,-7.1170797,-3.5552592,-14.8473215,-4.673222,-9.279571,-0.60919297,-3.5987346,-13.184019,5.3259034,-6.5888176,-12.88553
0.38237625,-1.5024899,-2.6965547,-6.7660103,-4.7624006,-9.837285,4.184033,-6.920886,-11.763254,6.4345193,10.759875,-6.65943,0.26470503,-10.756613,-7.180434,-1.9580661,-11.457549,-3.2606797,-13.126087,-8.867233
-1.3189074,3.1080947,-2.005151,-1.145555,0.26018438,0.54855365,-10.29681,-6.11049,-10.19544,0.82229185,-2.2318673,-11.520804,-3.1963568,8.0163,3.891586,-1.3688754,-0.92435837,-1.8862551,-2.4962525,-2.723245
-0.6772625,-2.0134852,-2.6074753,1.0393032,-0.81610453,-1.6015246,5.5272546,-1.8379493,0.6793542,2.8380547,4.9151726,-3.7608786,0.9537821,-2.2033715,-3.712102,-2.2691996,-8.391913,0.37546134,-4.5598774,-6.611584
-11.801778,0.83616215,-3.8394978,0.10149889,10.140605,-7.7288485,-0.2001659,-2.2178524,3.3197262,5.0969167,-4.1173544,-8.59069,1.899111,8.394459,-8.37125,-1.2718045,-13.378906,-7.1107664,-13.982141,-8.242102
-1.6959304,-0.8430363,1.1014515,2.9701445,2.1525295,0.85359824,-2.0190356,-4.3627524,-5.4237485,-7.1121135,-4.7046084,-8.575582,4.106483,-9.74196,-1.5158595,-7.0915484,-14.826598,1.8372086,-9.67443,6.673273
0.24916852,-3.326025,3.2624826,-2.5208437,5.763388,0.43651623,3.6650681,-0.37989587,-14.864526,-8.338615,-2.1578002,-3.9914544,-5.421629,2.2322881,8.576071,-9.207935,4.0076313,-2.1719556,1.0637288,-6.094943
-1.2156812,1.1991411,3.3647666,-1.7804389,-1.325622,-8.43658,-2.2504463,-0.021132208,-2.472272,9.165248,-0.8579944,-11.138471,-1.7142274,-4.1447196,2.1210985,-0.6440735,-4.2950673,-3.6004145,-3.6001527,-11.906703
0.12051735,-4.072759,0.58981645,3.5224013,0.59427804,-3.3312593,-1.627467,-3.4724498,-1.5465126,-7.560544,-6.674575,-1.5936805,-3.664381,-10.991124,-0.989178,-8.574302,-17.028835,-10.574736,-6.1986904,-8.449157
2.9951346,0.16041772,-5.0125775,-2.8233476,-3.4389455,3.7131712,0.3042748,-1.7744485,-3.4643178,-6.2015643,3.254135,-3.293615,1.5071276,-1.5707585,-3.7437842,3.839406,-6.409316,1.2622118,13.070228,-7.2193284
-2.7904842,2.0114594,-1.6294391,0.39563087,-1.3930644,1.7772144,-2.3200014,-0.4367554,-4.166949,-4.102809,10.61713,-3.291145,-2.2850494,-5.7170424,-1.1136441,2.0927205,-10.215416,-9.418763,11.88141,-6.7509584
1.2778867,-3.6833932,3.1427016,-6.4076476,10.413117,-7.674426,2.3247201,-6.1412396,-3.5243537,-7.0953407,7.8061676,8.249676,-2.9839928,-5.476752,-2.5218675,-5.4430394,5.5764065,-8.521253,-7.858385,6.4750433
0.01829925,1.1926348,1.1570264,1.9567153,0.81229603,-1.2643902,-3.9469526,-4.8523736,6.646791,0.59868497,-4.8948374,-13.849264,2.4261746,-7.415795,-3.7222912,-7.8295927,-21.369074,-11.639927,-13.608618,-5.979459
-0.8782021,-6.1225734,3.3743107,-1.6852472,4.7899957,-5.580647,-1.2531675,-4.8132696,2.0530028,-1.650334,4.6968784,-1.7898284,5.9154625,-5.5219617,-7.9407,-5.8796487,-22.325659,-3.816086,-3.16431,7.804187
1.7744757,-0.84605044,0.31104583,-2.3778303,-3.5874972,2.2351437,0.86180645,-2.9587562,-2.2216682,-1.7960529,-3.3828762,-2.7416854,0.21885425,-6.2906494,6.51256,-5.8767076,-11.218202,5.442297,-2.0539665,-15.041068
1.608042,-0.586295,1.4265915,5.1282864,-0.43793583,-0.057623986,-1.9201853,-0.7987202,-7.1384425,0.4686143,-1.9627626,1.6589843,-4.107972,3.0603302,1.9700059,2.893733,-0.19047156,-5.365141,-1.6478928,-7.061025
0.067975074,-3.3924644,-2.7115788,-3.2366402,-5.9871874,-6.383658,4.642596,9.082044,-3.3664863,0.65245306,-10.081247,-9.563892,0.6619334,0.4242522,3.054046,-12.699287,-9.35284,-5.22542,-8.626862,-6.073785
-8.955825,-5.9484115,-17.759356,-8.611227,-18.597141,-18.20965,-7.9282174,-9.50986,-8.614275,-5.6089506,-1.0481858,-3.3953226,2.7282565,-6.005322,-1.8371629,-4.8570886,-4.379825,-4.6170125,-8.966889,-13.930655
-0.15391278,2.6509495,-1.6125603,-0.7144073,-0.30718422,2.4701705,-5.29712,0.9777421,-5.371119,-7.7201114,-7.6179986,-11.659659,0.41710466,-11.377726,-5.7678604,-2.0156746,-17.675903,8.70379,-9.970094,-3.5211744
-1.0155778,1.5441498,1.9129502,0.11333247,0.6875057,-5.1719728,-5.537255,-2.7002556,-0.1890597,-6.5453825,1.1651961,-3.2654173,-6.593224,-9.124186,0.39029855,-1.2229027,-18.892818,-5.9269786,-0.45526448,-11.910095
-6.2722344,3.5428746,2.303911,-2.9670098,0.5138947,0.13517332,-5.9649696,-5.9359307,-6.9451337,-9.606596,-9.124507,-15.1490555,-7.554035,-10.250373,2.5663815,-7.63396,-6.3234777,-12.258061,-21.667809,-20.21461
-2.618889,1.1200168,-1.6307127,1.5693125,2.0222378,-5.6028023,0.54676837,1.0328152,-1.3228327,-3.4631128,-5.829056,-5.2497797,4.074283,-5.9388514,-8.913891,-2.5542274,-12.5366745,-6.5260253,0.32827926,-9.726703
-1.1551278,0.7414642,0.6276379,-2.7477255,-3.2809975,-1.9243908,2.7541118,-4.933813,-4.8156238,4.7099323,-5.614717,10.148965,3.4158435,-4.4189754,-5.320543,11.696843,-3.772783,-2.5430398,-0.5285513,0.53334093
-1.6799666,-0.4532309,0.8496071,0.60665,-2.779363,12.217348,-4.476963,-4.314106,-3.5126405,8.964897,0.9436769,-2.522301,3.2482517,-4.9939103,-6.292392,-11.706954,-14.538652,-11.313297,-12.699383,-3.195756
-3.9938564,2.5113597,2.1740706,0.6656362,-8.227191,-7.2353106,1.4978608,-6.6376333,-7.2827187,7.966719,-6.5569015,-5.0160756,-10.146524,-7.3789372,1.1512815,-3.4118574,1.076938,-1.5021645,8.521907,10.2723465
0.009178964,-0.46535283,6.3129187,-2.077803,-2.0916765,0.5797529,-1.3508894,-0.35968676,-1.8808944,-1.0165962,-5.628179,-2.6870744,-3.4801557,-3.8447533,-10.126024,9.951179,-6.5131335,-4.141089,-5.7805305,-1.6063087
-1.805738,-0.9593901,-0.3956624,7.4066577,4.8063407,-2.3726437,3.7184834,-1.4197577,1.7696717,-2.3937824,-1.1960344,-1.3737307,1.4948608,-6.5087204,-3.8090332,-6.1767383,-12.709433,-9.328808,-6.27034,-7.3907785
2.5689015,-1.9770434,5.742825,0.29973105,-0.79311675,5.6131816,-2.198067,-6.45015,-6.1456547,-8.1229925,-4.491305,-8.712867,-1.2837433,-9.234437,2.8861141,6.945595,-11.099641,-4.6694603,-8.788862,1.6582873
-2.2830145,-0.60465515,-0.4892355,-7.0929546,-2.5156186,-3.5260804,5.5389423,-4.304034,-10.068925,-2.3279345,0.43191257,-10.912625,-4.672417,-4.4413366,9.209636,-3.4371488,-3.6086304,-3.1518526,3.3206484,-9.504062
-8.044867,0.7657833,-1.7825785,3.1865678,-3.7009966,-5.883907,5.013626,-0.15068911,-2.5252337,-5.3224945,-8.923379,-5.687612,6.578603,-9.615537,-7.250093,-2.4188585,-20.958784,-8.172575,-11.543743,-19.511694
-2.151913,-0.71053463,2.9218073,2.3877037,6.98058,-7.5749936,4.120924,-0.30351138,1.633419,4.989332,-5.026875,-13.098317,-0.21876942,-5.635265,5.212852,-5.3179936,1.7461083,-6.938083,4.346143,-6.075425
-0.9027935,-0.7450498,-0.4714505,-2.3980863,1.1390554,-2.0633216,-9.506986,-1.0364752,4.0510397,2.3398285,-1.7413054,2.6833963,-2.5717177,-12.260949,2.386086,-0.94664663,-4.1239715,9.193437,-7.2889013,-8.213295
-1.9586643,0.93306994,-4.829077,7.6893663,-3.4235392,-6.140502,-5.617598,-0.2713477,-8.821723,1.2571075,-1.9460813,-0.53536475,4.223131,-10.861513,-1.0607839,-2.011783,-10.845604,-7.0803456,-5.8486447,3.7972534
5.3784246,-4.2688937,-4.089526,2.2241285,4.6392393,-5.3595233,-0.94416296,-5.6882596,-9.878995,-1.5149364,-5.6825895,-6.427805,-8.851908,-4.546638,-4.2643013,-4.1327267,-6.370393,18.481794,-5.6188025,-2.3237429
-0.7809119,0.31503665,-3.5925426,-2.7824395,1.8817463,1.2066923,3.4480255,4.2710056,1.6444563,-7.5264354,-12.400215,10.767426,1.0447857,-10.056904,-9.576586,-6.36099,-4.5503726,-9.262056,-7.1529036,-0.12288394
-3.0125263,-1.4925221,0.6721922,-1.4525516,-5.3436894,-0.79029316,-5.454283,-7.265669,3.695356,-3.3043938,-11.092104,10.398613,0.49134976,3.4703157,11.354099,-6.9665914,-7.2964582,-5.454205,2.7691076,-13.942046
0.3022143,0.4105381,0.7521184,-1.6918808,-3.4939911,0.9830253,5.6788235,-0.06932878,-1.1019472,-0.25683495,-3.3326335,-5.1669393,-7.1889377,-0.84457976,6.693178,2.2607877,-2.4001198,-0.16823946,-8.162614,0.47507957
0.46984667,1.6918242,-0.27221474,4.105494,-4.9426312,-4.548033,-1.5882683,1.6460645,-2.3282955,4.568323,3.1342487,9.604779,-13.594677,-3.0013762,-4.055816,-3.7176454,1.6854073,-3.1037455,0.7314695,0.2495628