0.8680664,-0.41418168,0.7286576,-0.5009513,-0.9403049,1.5975791,-0.61096275,0.7984103,-0.6751877,-0.6950581,0.73920923,-3.2818506,0.267619,-0.56836104,0.75995284,-0.8416544,-2.1975627,-0.6245719,-1.9180208,3.7747195
2.344995,-2.6658373,-6.52798,-4.1885624,-7.833294,-1.3943149,-0.7648718,4.6338167,6.395272,-1.3903195,3.0952234,-6.5907927,-0.6626772,-3.2786217,-1.2461206,-4.854163,-3.4366848,-11.758923,-0.7889294,-5.721396
-3.4344676,-2.5183022,-0.8332781,-0.49728483,0.8609684,1.1113135,0.42325813,-1.3799453,-3.9516175,-3.7344196,-2.3638377,-6.5340095,-3.0750413,-5.476248,-5.0870657,-4.557984,-13.172594,-4.4887047,-9.415894,-7.905513
0.62567353,3.6072066,0.1732876,-4.469503,-4.0899215,-3.9430258,-0.61193883,-2.3327317,1.9006728,-7.3441544,-4.8698244,4.7885613,1.4914335,-2.8802712,-6.4903593,-5.178881,7.970459,2.8004363,0.0019013601,-1.4013286
-1.4567766,-1.7843313,-0.36055824,7.2554936,-0.82349074,-1.9091814,2.183946,-1.3144168,4.8151636,-1.0498314,-0.090639636,-0.5935275,0.7960922,-1.2703357,-2.8063447,0.3226042,6.6766086,-1.2380354,1.5241417,1.1715256
0.07557008,-0.79075974,1.9197866,1.1143913,1.5803106,-0.06460149,0.36634973,-1.1076642,0.9781647,-0.26728782,-1.8566648,-1.9643588,-3.2091486,-1.5025218,2.9065328,0.7226041,-7.4533253,-0.303288,-6.224499,-8.157471
-1.7179652,-0.481913,1.3872154,0.16332433,-0.026191032,8.062247,-3.3916454,-0.11617009,-4.29842,-2.24168,-1.9189984,-3.7744641,-3.3075168,2.8285856,1.7223474,-2.1389022,-8.4114485,-1.4420265,-8.13049,-7.368224
-1.2409923,0.0040355274,-0.19668257,-0.25215095,0.48336056,0.08589705,0.8956827,-0.7842902,2.9493048,2.3315182,0.34732413,-1.269463,-0.9135554,-0.8669272,1.3327711,0.20230468,-3.7762861,2.6284614,-3.3111453,-1.6071463
-0.22731699,1.4434553,1.7104896,0.9601836,-0.66761035,-1.9377813,0.614894,-0.5752033,-0.6777801,4.171112,0.5864365,1.9491445,-1.2603216,0.89344317,4.9753084,1.7640327,1.1745478,-0.70087624,0.33012095,0.35108456
3.308614,-1.1960717,-11.702966,-10.420298,-4.538471,-6.514713,-4.7016997,-3.6489239,0.53804153,-1.3556308,-3.9236743,1.5745158,-1.3318428,5.554972,-3.425604,4.9317584,-1.9212635,-2.2649345,3.1409786,3.5249333
0.24796766,0.7423124,2.0701766,1.514401,0.3419525,-0.8431169,0.2551335,-0.21758887,-1.7547157,0.09781112,0.6703202,-1.7682941,-2.882966,1.5996525,-0.6946773,5.0886602,-1.3778073,1.2778496,0.7589393,-2.2101347
-2.954712,-1.3726938,4.413019,1.9404855,-5.199427,-6.0605645,-5.829257,2.2964776,-5.7037654,2.670604,2.0895805,0.04986903,-1.4674946,-5.620751,-6.2206817,-1.1513,-0.1097451,-1.7584492,4.178797,-3.2704256
-1.874187,0.5258946,-0.8554847,-0.56752414,1.083974,1.9700394,-0.45775792,0.4977514,-0.2078782,-5.889691,-0.29131147,-7.3697815,-3.522248,-5.572242,-1.797437,-3.2039485,-5.02699,0.80200577,-7.956952,-8.601701
-0.079854876,-0.24028957,-1.5600969,-5.403471,-6.014355,-4.365393,-0.21815774,-2.496564,-4.249522,2.8758783,5.501706,-1.3301148,3.1588707,-2.682597,-5.2106924,-2.7363532,-6.235759,-5.3277183,-6.2998424,-5.0886345
-0.47235253,1.192821,-1.4450507,-0.15408036,0.93461007,1.619793,-0.5884173,-2.1303728,-7.30503,3.1021607,-2.7220495,-7.896863,-4.1536074,7.1654143,3.2321606,-1.1082265,-3.8849854,0.2789533,2.9130807,-5.0451965
-0.66786987,-0.07381178,-0.18609932,1.8839835,-0.0923242,-1.3483061,4.413354,-1.2656033,-2.3532634,2.5152488,-0.519287,-2.6179664,-1.8655009,-0.45252112,0.17126672,1.645788,-1.9857764,0.4922275,-1.2955285,-1.6196672
-3.654415,0.16765966,-1.0019233,1.2488317,4.2652144,-2.6504738,-1.549915,-2.3400078,0.65372384,2.1769354,-0.9266504,-2.9268758,4.2524137,5.187629,-3.2806396,-1.4544649,-8.463386,-4.196727,-10.570298,-4.0547166
-1.572837,-0.5366694,0.3310748,0.79715997,3.246516,0.91565895,-0.93210554,-0.921386,-2.36037,-3.2067318,-1.7668203,-2.6742442,0.3926701,-2.6882114,-0.5698272,-1.0092103,-4.2916226,-0.9272659,-3.4650943,-0.8481099
-0.91443485,0.14289567,1.7194953,0.17861366,4.682198,-0.0062485705,1.1382825,-0.528621,-2.2797656,-0.22178754,-0.6468659,-2.551904,-3.6617055,4.8081546,6.190392,-2.1552567,-0.33976623,-1.0924305,0.3144112,-4.742485
-0.34460005,0.1529436,1.7803016,0.77219075,-0.6781116,-2.0143294,-0.97930455,0.010075289,0.029288232,4.3712144,-0.28162295,-2.2326405,-0.2027506,-0.3137751,2.531507,1.6449406,-0.42524058,-0.5826504,-1.6599827,-3.766393
-0.30069706,-0.4624602,-0.9466297,2.917301,2.2149136,-0.05069905,-1.304476,-0.6876789,-5.034869,-2.330669,-2.9805253,-1.6212128,-4.917293,-4.272923,-5.0540066,-3.7124014,-13.904653,-2.5780737,-8.779625,-8.391207
0.26659447,-0.1933955,0.020001333,0.05969222,-1.9283493,3.6522188,-0.19229312,-1.229011,-1.3004255,-2.5425575,-0.5416552,-2.3336587,-1.4221063,-3.5772405,-3.1577163,-0.9564825,-4.816911,-2.363807,8.739945,-3.70392
-1.1630541,0.54954994,0.5057832,1.8026477,1.4503796,0.04189615,-1.31421,-0.014145794,-4.4638014,1.4833398,7.01749,-0.50708413,-2.5172026,-0.3943494,0.30631354,1.8914192,-6.252056,-3.2332025,6.6465425,-1.123263
0.4155761,-0.6168882,0.6670006,-4.444515,6.181383,-1.0929091,0.7336625,0.83511895,-4.08887,-2.8079534,3.7053008,2.8440537,-1.2427506,-5.853541,-0.48098993,-6.13595,1.9351896,-4.7555656,-3.930213,3.0977738
-1.8809059,0.24453342,1.2392,2.1316555,0.30832762,1.8811607,-1.5336807,-1.9007457,2.9372177,-0.14472038,-1.3700169,-1.370683,2.692031,-1.5584724,0.6449396,-0.9172855,-12.607281,-3.832293,-10.0808115,-5.568996
0.08433563,-1.5278565,4.106502,-2.6346176,5.0368576,-1.435841,1.5101262,-0.12349295,0.04367575,-0.83295286,1.8144784,-0.9324289,2.282276,-3.7171412,-2.6545925,-0.16401477,-9.227174,-0.8761981,-6.2726955,4.5799828
-0.8636774,-0.6393795,0.7989838,-0.77580863,-2.0022602,-0.29381108,1.8861336,-2.1133277,-1.2873011,0.29863608,-0.4410587,-1.7855577,-0.98572516,1.1330318,4.5429773,0.96317405,-3.658283,1.0582801,-1.6328707,-3.8261528
0.34008121,-0.3907979,0.23197906,1.5940611,1.30289,-0.08575091,0.2913886,0.015952777,-1.7594408,2.033471,1.5103315,1.0263427,-1.5862051,1.6647025,2.9296973,1.0935485,0.5904825,-1.4569739,0.69652057,-1.5211151
-0.06967812,0.20064017,-1.886669,-1.8864231,-3.6309776,-4.5693116,1.4258767,4.4541693,-3.4878035,-1.2257229,-6.0222335,-9.930734,1.3050994,-2.6401844,3.3584752,-5.146691,0.89320946,-3.4965944,-6.270677,-5.9507184
-8.151593,-7.875244,-14.895603,-7.6508107,-15.396325,-15.351119,-5.671594,-8.5314455,-8.279797,-5.813507,-3.9535694,-4.4333954,-0.49882066,-3.6397774,-2.5888722,-3.7702582,-5.0408955,-3.1660976,-6.3047047,-10.534938
-2.5577784,0.69933224,-0.5899044,0.7917175,0.091058634,0.9492255,-0.43886924,0.73158264,-3.910608,-2.7799654,-2.0050151,-8.367771,-3.7756078,-3.5294838,-5.7600513,-3.951237,-11.775231,4.511917,-7.6156816,-7.829683
-0.84027135,0.22187008,1.6844693,0.49911156,1.4875755,-2.12311,0.28169918,-0.077968426,-0.82913125,0.051325858,0.8597923,-0.5233114,-1.2684962,-0.8429544,1.1319274,-2.0914426,-7.4648433,-0.53981984,-0.5050202,-6.309444
-2.8072562,1.2641113,1.4423901,-1.4168111,-1.0667425,1.1002302,-0.87867266,-1.8618637,-7.542624,-6.756709,-6.1459,-6.859987,-6.890837,-10.52664,-1.0097703,-5.1936398,-13.80817,-6.7459426,-17.026983,-14.760438
-1.9362693,-0.5754914,-0.7642171,0.9921149,0.4133845,-0.98770654,-0.3389599,0.32719252,-2.140232,-0.6284574,-3.815467,-4.840948,5.9480195,-4.726977,-3.1798966,0.27356234,-5.856729,-2.6773143,-3.3868246,-6.0724287
-0.5568087,1.0864867,1.2597195,-1.9189893,-2.3929002,-4.9310937,1.060296,-1.3736445,-1.4492284,4.5704765,-2.8192022,6.582053,3.4830139,-4.359866,-3.4623969,5.003584,1.1553558,-0.53144175,-1.5841596,-0.2440595
-0.7594775,0.45045796,1.3622798,0.8987034,-4.0896606,7.9306526,-3.5611691,-2.81323,-2.7309992,2.8815322,1.4125807,0.812312,1.3822035,-3.0066924,-4.4903355,-5.4197717,-7.382147,-4.206976,-9.029707,-2.847809
-0.6309312,0.6021951,1.7467612,3.8256264,-4.3581753,-1.1928324,-0.14626066,-1.1492404,-7.658553,3.7721486,0.33176965,-8.449219,-7.600436,-1.2898823,-0.3990935,0.14029714,1.5057627,-3.0410364,2.342892,7.2332306
-0.15562989,0.27620867,2.2945497,0.46088165,-0.48353833,0.028076172,1.7756892,-0.94600534,0.512147,1.1037377,-1.1947848,-0.35439205,-3.7036648,-2.6492171,-1.1908135,6.41655,-1.3240035,-0.17076562,-1.5801167,-2.099539
-0.16850655,0.6505777,1.4260619,4.1103415,2.343155,0.20406581,0.4604146,0.672081,-0.87973386,1.8622655,2.2650008,-1.5004611,-1.4498531,-1.2770044,-0.27827105,0.12143246,-4.9284034,-3.2214344,-4.863588,-1.8258861
2.408546,0.2838299,5.0164185,0.46249133,-1.7246943,4.9556994,-2.4609463,-2.591551,-5.3885126,-4.917532,-2.0994713,-2.4041069,2.3837333,-8.405806,0.34079018,7.012819,-3.4392502,0.42685607,-11.3407755,1.0673144
0.57203734,1.6433338,-1.7937028,-4.597556,-4.0191383,-4.1542606,6.189275,-2.296321,-0.75925714,-0.64852,0.20710091,-8.269409,-2.6603556,-4.4758873,7.447528,-0.9949311,-6.5067534,-3.3663678,4.4182615,-3.7359943
-2.3641267,-0.28841117,0.14117028,3.4393766,-0.61551154,-3.5318115,6.0723815,1.6943258,-0.022438724,-6.2240148,-5.494281,-7.469327,2.8524513,-7.210779,-8.375577,-1.3138845,-18.079977,-6.0460153,-10.8967705,-15.623211
-0.9234933,-0.2982244,1.9527848,0.9972492,-0.25114018,-2.3450968,0.70328426,-0.53251815,-1.6377606,3.2055366,1.1275527,-1.4733614,-0.5694012,-0.39086115,4.200736,0.75144315,5.94715,-1.6049033,1.0361598,-2.3916802
-1.2425318,-0.32541174,0.787372,-0.5621632,1.0022057,-0.52990437,-2.0496273,-1.8364722,2.7150977,2.9858665,-0.9539866,5.074926,-1.4269758,-2.2375138,0.13676065,0.7367717,-3.6342568,5.7173257,-1.9607658,-1.5830405
-0.45610338,0.9808302,0.29031137,4.3238893,0.2292241,-2.870306,3.3545241,0.3859791,-2.5082078,4.2718906,0.13418882,1.2007413,-0.022495922,-1.2791408,-0.6965624,1.2655345,-2.3480847,-0.88941437,-0.80075955,4.7991524
0.8384818,-1.3713918,-2.2739434,-0.7769368,1.3318994,-3.160517,0.40850443,-1.5769792,-6.936137,0.41616037,-4.658949,-8.563089,-6.035686,-0.43593124,-0.43406472,-5.249023,-4.1613193,10.218141,-2.7303739,-0.74883246
0.15768322,-0.60888577,-1.1095662,-0.7277771,2.3911743,-0.56845117,0.30964136,1.2321272,1.3139949,0.48088044,-1.2351003,4.358037,-1.7458779,0.59179765,1.1830529,-1.5110794,-1.0024757,0.36050674,-3.105675,4.637952
-3.0211928,-0.6404291,1.6485988,-0.019747242,-4.0314074,0.36529392,-1.205213,-1.528698,4.681118,-3.2102308,-3.1057086,6.994103,1.9652255,4.179437,8.350011,-0.59649366,-4.379787,-3.9697764,1.0758805,-8.86692
0.36331186,0.076675065,0.55329037,-1.1812103,-1.2091318,1.1279868,1.8518959,-0.0603395,-1.289554,1.2155985,-1.0905159,-1.1427326,-3.980932,-0.3262321,5.794092,3.0719857,-1.4166408,0.6849492,-0.86450386,0.023961844
-0.3687494,1.186075,0.2023504,1.0985287,-0.63881993,-2.392743,-2.6075068,-0.8842368,-1.6753005,4.479873,1.9727219,3.1276193,-2.608476,0.8417028,-1.4242873,1.3523637,0.64696765,-2.153614,0.24581356,2.135087