0.86805826,-0.41453466,0.73949164,-0.5035527,-0.96006393,1.4047958,-0.60398585,0.79874456,-0.67376614,-0.6981155,0.74445367,-3.2841542,0.25149202,-0.5702843,0.7619705,-0.8500311,-2.2274725,-0.62580156,-1.9197258,3.7897933
2.3589876,-2.6677785,-6.61826,-4.2804933,-7.9027596,-1.5844063,-0.7782791,4.5773487,6.6075587,-1.4098759,3.1526208,-6.597169,-0.73942846,-3.3722384,-1.2485929,-4.9139585,-3.4880958,-11.779251,-0.7923976,-5.7875
-3.434535,-2.517854,-0.83326006,-0.4974713,0.86097115,1.1112407,0.42321515,-1.3802859,-3.9364676,-3.7363424,-2.365658,-6.534858,-3.0754683,-5.483588,-5.0864935,-4.5581937,-13.171811,-4.490637,-9.417759,-7.905636
0.566333,3.6950643,0.56833136,-4.6597815,-4.1596193,-4.0888147,-1.1603082,-2.3815675,1.8162963,-7.354477,-4.8887854,4.845416,1.3617011,-2.9577591,-6.5203295,-5.1919775,8.043717,2.8267014,-0.00087491365,-1.4353949
-1.4604932,-1.8113135,-0.34394103,6.957622,-0.84689635,-1.9897265,2.854574,-1.3952674,4.825215,-1.079617,-0.051570114,-0.591242,0.5620091,-1.3864822,-2.819178,0.32851613,6.7112336,-1.2486452,1.5210413,1.1507664
0.076778,-0.7914295,1.9217703,1.1132855,1.5799786,-0.06959459,0.37714833,-1.1091353,1.1018674,-0.26824075,-1.8628241,-1.9658488,-3.2224936,-1.5230054,2.9231434,0.7072846,-7.447864,-0.31847295,-6.2254505,-8.163259
-1.719527,-0.48073453,1.3903027,0.15999486,-0.033813458,7.9657745,-3.4930453,-0.10452438,-4.2818394,-2.247953,-1.8819494,-3.7777479,-3.4072847,2.8071766,1.7418662,-2.1423194,-8.439425,-1.448939,-8.136925,-7.3708243
-1.2410407,0.0041859327,-0.19651039,-0.2522825,0.4834075,0.08177936,0.8839791,-0.7843562,2.952184,2.3314455,0.3477291,-1.2698051,-0.92079157,-0.8698803,1.335466,0.20166136,-3.7770803,2.6285274,-3.3113017,-1.6071509
-0.22731718,1.4435763,1.710185,0.9544086,-0.6705486,-1.9488363,0.59957695,-0.5753124,-0.6724536,4.1827116,0.587077,1.9493141,-1.264895,0.8919903,5.0027704,1.7629839,1.1749386,-0.7011501,0.32921472,0.3512329
3.328267,-1.1093392,-11.829898,-10.476768,-4.5376534,-6.666656,-4.804625,-3.679291,0.5654146,-1.3677396,-3.9273624,1.5872103,-1.3692645,5.543437,-3.430163,4.942939,-1.9240396,-2.2295625,3.1488614,3.5291145
0.2479018,0.7423679,2.0727513,1.5119079,0.339148,-0.8631566,0.2696205,-0.21779549,-1.7500345,0.097150736,0.67335516,-1.7703005,-2.8943741,1.5994465,-0.69434017,5.0969515,-1.3758409,1.2760721,0.75925815,-2.2110507
-2.988652,-1.5741266,4.7059774,1.857236,-5.273992,-6.2255554,-5.935269,2.3318167,-5.719865,2.6750216,2.1805685,0.05721065,-1.5605317,-5.640468,-6.2272863,-1.1542825,-0.11689044,-1.7608993,4.203999,-3.2908022
-1.874586,0.52746683,-0.856039,-0.5686111,1.084694,1.9700699,-0.45900264,0.49678877,-0.18223055,-5.8967595,-0.29145384,-7.376019,-3.553151,-5.589557,-1.7979703,-3.2056675,-5.0273113,0.7977942,-7.9573183,-8.605827
-0.07490364,-0.24312474,-1.5626563,-5.528388,-6.026795,-4.4368124,-1.2329283,-2.515686,-4.2509866,2.8753154,5.5315986,-1.3350362,4.098439,-2.6839375,-5.247228,-2.7472026,-6.2566586,-5.337338,-6.304443,-5.095038
-0.47408825,1.2069476,-1.4513516,-0.15841077,0.9333339,1.603763,-0.64365065,-2.1322496,-7.3296843,3.1088846,-2.7324617,-7.9089713,-4.169945,7.103518,3.2238357,-1.1092458,-3.8855112,0.23811872,2.9198725,-5.0609074
-0.66789544,-0.07437842,-0.18027522,1.2060854,-0.11804999,-1.3629313,5.182231,-1.2810768,-2.3517318,2.5150595,-0.51919544,-2.6185067,-1.9270769,-0.4534109,0.15879673,1.6455811,-1.9872384,0.491898,-1.295004,-1.6213282
-3.6679273,0.1633069,-0.9197237,1.6365337,4.038127,-2.7858217,-1.728099,-2.3558044,0.67427075,2.1667418,-0.8747156,-2.9250083,4.1451545,5.1702924,-3.302089,-1.4534829,-8.46918,-4.220055,-10.572167,-4.0656667
-1.5728712,-0.53661114,0.33122334,0.79712796,3.2463737,0.9152821,-0.9315538,-0.9214834,-2.352257,-3.2096903,-1.7657056,-2.6763732,0.39781016,-2.6911802,-0.5670486,-1.0210586,-4.2915535,-0.9286371,-3.4650388,-0.847416
-0.9145466,0.14236468,1.7181726,0.17169003,4.7715526,-0.018465053,1.1098467,-0.529781,-2.2634666,-0.22303613,-0.6425628,-2.5534978,-3.7241945,4.77302,6.2758904,-2.1602077,-0.33490214,-1.0938871,0.3137894,-4.7513485
-0.34474877,0.15239017,1.7921138,0.7613469,-0.6836925,-2.0379624,-0.97665703,0.009822079,0.05796606,4.383568,-0.285206,-2.234499,-0.21757378,-0.31702048,2.550184,1.6400557,-0.42365122,-0.5834268,-1.6613171,-3.767097
-0.2984687,-0.46406636,-0.93994164,2.8740203,2.2145698,-0.059911348,-0.9767446,-0.69103783,-5.044044,-2.350625,-2.996294,-1.6233201,-4.9252114,-4.2821856,-5.0514846,-3.742486,-13.9077425,-2.5970237,-8.781099,-8.428664
0.26911438,-0.19399756,0.023487248,0.017754065,-1.930876,3.6185277,-0.16349204,-1.2326343,-1.3008446,-2.546384,-0.54262984,-2.3386238,-1.3862985,-3.5815687,-3.1563196,-0.95185155,-4.819785,-2.3730521,8.757729,-3.7518234
-1.1639501,0.55073994,0.50604856,1.8021597,1.4500319,0.020126982,-1.3290185,-0.015700802,-4.4561486,1.4709964,7.067025,-0.5074338,-2.5469608,-0.41401076,0.3111458,1.8918213,-6.2612963,-3.2393897,6.6605654,-1.1328881
0.43201733,-0.6622282,0.81403047,-4.8359365,6.2985296,-1.2605969,-0.35966265,0.7973681,-4.1249986,-2.844811,3.8163173,2.8792744,0.2493821,-5.8715167,-0.488648,-6.1558294,1.9396896,-4.7930255,-3.9362628,3.0880423
-1.8813565,0.2454293,1.2399561,2.1306767,0.30760047,1.8426775,-1.5680258,-1.9009739,2.9412644,-0.14585532,-1.3692087,-1.3733615,2.7193775,-1.5759295,0.6440352,-0.92425174,-12.608934,-3.839319,-10.082354,-5.5682993
0.08549837,-1.5412207,4.2663994,-2.7517874,5.14198,-1.5734441,1.4136319,-0.13013816,0.09284997,-0.84467643,1.9882296,-0.95918703,2.330983,-3.7628448,-2.654353,-0.21815655,-9.1978245,-0.9143186,-6.2898216,4.6087284
-0.8636963,-0.6389469,0.8062581,-0.78576344,-2.0057814,-0.31577724,1.8898976,-2.113651,-1.2852824,0.2982543,-0.43873268,-1.7865007,-1.0008714,1.132414,4.551024,0.9616462,-3.6500962,1.0588753,-1.6338426,-3.826828
0.34008506,-0.39089915,0.23553224,1.5906832,1.3018087,-0.12129985,0.31341097,0.015825985,-1.7557108,2.0323029,1.5166502,1.0263802,-1.591089,1.6634485,2.940291,1.0877846,0.5919864,-1.4575734,0.69657236,-1.5194468
-0.072191745,0.19670366,-1.9047993,-2.7498994,-3.679613,-4.6207952,1.5653226,4.7740164,-3.5105178,-1.2707297,-6.0476475,-9.942869,1.3048962,-2.656453,3.4023433,-5.219155,0.86244714,-3.5091043,-6.2766824,-5.954668
-8.15529,-7.709463,-14.945744,-7.917773,-15.447288,-15.430645,-6.2561297,-8.535729,-8.285978,-5.816105,-3.9474378,-4.432395,-0.46667403,-3.6411185,-2.5886967,-3.7704966,-5.04085,-3.166302,-6.3046656,-10.536088
-2.5595145,0.7474577,-0.59234214,0.75909734,0.09059344,0.94750255,-0.45063648,0.7332705,-3.9176154,-2.7884002,-2.0106177,-8.38336,-3.8009768,-3.5677495,-5.759608,-3.955649,-11.780852,4.500686,-7.612332,-7.832853
-0.8403794,0.2219927,1.6845876,0.49833888,1.4853283,-2.1271307,0.27770048,-0.078569576,-0.82008517,0.050243445,0.8677315,-0.52386147,-1.2803507,-0.8459541,1.1330522,-2.0931818,-7.465575,-0.54239243,-0.5040925,-6.3106213
-2.8194265,1.3054992,1.4888743,-1.4588916,-1.0684061,1.0654678,-0.9289504,-1.8754514,-7.5804315,-6.8409967,-6.201239,-6.874839,-7.0175867,-10.671194,-1.0334378,-5.272132,-13.809695,-6.8481216,-17.027145,-14.7809105
-1.9366823,-0.5747327,-0.763233,1.004408,0.3945986,-0.98893094,-0.36603168,0.32638758,-2.1449783,-0.65623623,-3.8159368,-4.844659,6.019306,-4.773409,-3.1776834,0.2783557,-5.858904,-2.6837966,-3.385462,-6.0814147
-0.5579914,1.0928489,1.2533633,-2.2845035,-2.6401188,-5.053802,1.3074886,-1.3994898,-1.4951869,4.577813,-2.833219,6.659898,3.5274372,-4.379942,-3.4698718,5.0745597,1.1035526,-0.527495,-1.5897692,-0.21668555
-0.7569294,0.45828632,1.3675702,0.88617957,-4.0969667,7.951699,-3.7384872,-2.8210306,-2.7383351,2.8797388,1.4217976,0.82648677,1.3479306,-3.0458689,-4.4931574,-5.4336634,-7.3885617,-4.218571,-9.03408,-2.8494372
-0.6344758,0.6218448,1.8778642,2.9729316,-4.374064,-1.3292875,-0.21576591,-1.1626508,-7.651795,3.7826374,0.34052065,-8.45665,-7.8023853,-1.316173,-0.38006055,0.12287552,1.5311447,-3.0774798,2.3396497,7.2862773
-0.1559194,0.27648193,2.304272,0.4461705,-0.49077585,0.020150043,1.7525829,-0.9463943,0.51504797,1.1144453,-1.2085754,-0.37994918,-3.7363045,-2.6497037,-1.1895467,6.4778194,-1.3231101,-0.1727947,-1.5895809,-2.111033
-0.16867156,0.6500703,1.4258859,4.303718,2.112643,0.19348975,0.45473614,0.67123824,-0.89488345,1.718625,2.2574966,-1.5011704,-1.5522826,-1.5307748,-0.28429875,0.116083995,-4.9304767,-3.2253025,-4.864186,-1.8270316
2.4193227,0.27094457,5.411307,0.34263194,-1.7944853,4.371755,-2.5429,-2.6109612,-5.395395,-4.9295263,-2.1156383,-2.4217308,2.365104,-8.415256,0.36095434,7.037092,-3.4375777,0.46499014,-11.347312,1.056895
0.5748935,1.689074,-1.8349756,-4.7725673,-4.1016426,-4.239022,6.258523,-2.5101027,-0.7806353,-0.6744721,0.22717083,-8.270937,-2.8047366,-4.4810324,7.487766,-1.0020857,-6.510607,-3.3741374,4.444728,-3.7585108
-2.3699517,-0.22260053,0.13653474,2.7813866,-0.64164245,-3.5657537,5.2216167,2.435257,-0.080026165,-6.236632,-5.5004625,-7.4894695,4.119943,-7.233898,-8.384746,-1.3237689,-18.082853,-6.0580773,-10.898043,-15.629603
-0.9235854,-0.2979368,1.9533938,0.99581903,-0.26117337,-2.3687513,0.6651189,-0.5327946,-1.6253949,3.215111,1.1300619,-1.4753158,-0.60324013,-0.39294496,4.206496,0.7489025,6.0285106,-1.6052737,1.0354,-2.394371
-1.2427067,-0.32525346,0.78829384,-0.56248283,1.0065557,-0.56692964,-2.0594885,-1.8362409,2.7182496,2.9885643,-0.9553834,5.0936623,-1.4487019,-2.2420843,0.1386306,0.73861635,-3.7284806,5.72675,-1.9533567,-1.5892025
-0.45628464,0.98101956,0.28782973,4.3712497,0.2245493,-2.8735201,1.1182582,0.3861672,-2.5185144,4.2702627,0.12268154,1.2045687,2.2109287,-1.2830725,-0.695292,1.2612932,-2.3619742,-0.89039314,-0.8090491,4.8144894
0.84528714,-1.3732988,-2.2764182,-0.877358,1.3512912,-3.251951,0.5166083,-1.5961783,-6.941903,0.41492167,-4.6721487,-8.562997,-6.1981945,-0.43786815,-0.43603945,-5.2705364,-4.1669602,10.269121,-2.7297924,-0.754379
0.15765174,-0.607464,-1.1095107,-0.745115,2.380011,-0.57269853,0.27878907,1.2343347,1.3160188,0.47821504,-1.242795,4.36546,-1.7845331,0.58960754,1.160073,-1.5150956,-1.0302361,0.36000666,-3.1081562,4.893404
-3.0291293,-0.72904176,1.7485666,-0.056398112,-4.043618,0.27167583,-1.2958738,-1.536359,4.632346,-3.223947,-3.099927,7.064612,1.9663829,4.255965,8.366346,-0.60197777,-4.428585,-3.980797,1.0782773,-8.876515
0.36327237,0.077018425,0.55532235,-1.1868312,-1.2108938,1.1057487,1.8462101,-0.060503848,-1.286567,1.215218,-1.0891384,-1.1434419,-3.9898264,-0.327408,5.797717,3.099336,-1.4165726,0.68439376,-0.8651635,0.018315995
-0.36905426,1.1882632,0.20268126,1.0724083,-0.6460094,-2.4566386,-2.6515956,-0.8848817,-1.6654947,4.473718,1.9441597,3.1355708,-2.6232529,0.84054214,-1.4300975,1.3456608,0.63887167,-2.1545331,0.24509823,2.1354086