0.8521727,-0.39780024,0.69852763,-0.47668454,-0.901912,1.687089,-0.13032404,0.75921977,-0.66971034,-0.44390833,0.32191727,-3.0389464,0.24192694,-0.06617685,0.9565695,-0.07771231,-0.91372705,-0.49290588,-1.4013218,3.7443213
1.7143792,-1.6010478,-4.1992097,-4.109141,-6.8673453,-0.04986953,-0.30067793,4.733332,3.9478955,-0.86911744,2.6710572,-8.225185,0.028150294,-3.4246137,-0.8209274,-4.104285,-3.0691066,-10.808394,0.28572422,-5.313169
-3.4327195,-2.5174792,-0.8330477,-0.5008257,0.86126405,1.111553,0.4244596,-1.3719538,-3.971607,-3.5774662,-2.3931787,-6.1408563,-2.7120123,-5.285634,-4.9280553,-4.525432,-12.870003,-4.425472,-9.229816,-7.8622875
0.73037225,3.1264634,-0.21814469,-3.7476406,-3.0847845,-2.4301567,-0.5932929,-0.6040541,1.4598597,-6.1096406,-4.658341,3.6906633,2.5533752,-2.682911,-8.486875,-4.6449943,6.5532675,1.5588932,0.8724674,0.012186153
-1.1546081,-1.1028385,0.06362666,4.4748507,-0.24327731,-3.8063986,2.877006,0.0008806791,4.3220983,-0.6874067,0.21464649,0.114868246,1.2662994,-0.18819386,-3.1536674,-0.701042,5.431487,-1.4252026,1.5903401,1.5530559
0.05119309,-0.77194136,1.8866434,1.1325796,1.5841256,-0.030332698,0.13638628,-0.9857062,-0.4465266,-0.15576166,-1.699749,-3.2017899,-2.6034732,-1.4614131,3.260806,0.7456466,-7.323303,-0.1851537,-5.460217,-5.2029996
-1.6879901,-0.48867998,1.4083184,0.18032022,-0.10786894,5.8610277,-2.201171,-0.40669155,-3.0876927,-1.8380243,0.114080615,-3.0984795,-2.8134298,1.6268688,1.8450009,-1.2496047,-7.2307286,-0.90254265,-5.223656,-6.099811
-1.2392709,0.0018976649,-0.19567665,-0.25006673,0.4429837,0.0484101,0.97107184,-0.7794065,2.929799,2.0686834,0.30881906,-1.1587619,-0.77616096,0.42418635,1.3398316,0.2364913,-3.2666807,2.4829226,-3.1177487,-1.4294453
-0.22701193,1.4462217,1.706618,1.0164351,-0.62576,-1.9685658,0.20037869,-0.5638615,-0.67412716,3.745998,0.6280518,1.8763338,-1.0812817,0.9973397,4.771978,1.76623,1.1888962,-0.68007797,0.3350723,0.8150875
2.2400126,-1.7805319,-8.808112,-8.264637,-3.5672648,-4.5118012,-4.0959325,-2.7815475,-0.43017328,-1.7630323,-2.9525251,1.1727048,0.11400476,5.2751474,-2.5460355,4.628407,-1.3542017,-2.7776415,3.0464766,3.4939144
0.24785888,0.75011814,2.0169241,1.5371017,0.30438656,-0.8043954,0.3680967,-0.20838572,-1.7532948,0.48124844,0.37938026,-1.6002744,-2.6292665,1.4699353,-0.36937964,3.8130407,-1.1779752,1.3235998,0.98647976,-0.13682273
-2.1309412,-0.9906103,2.0814672,0.51202416,-4.9965696,-5.057173,-1.2781715,0.78244096,-3.6929357,2.1512005,2.7734582,-0.6299503,0.22031838,-4.576531,-4.7662797,-1.8884921,0.9462802,-2.2302,4.281517,-2.8028135
-1.8636639,0.5173923,-0.82550687,-0.56894386,1.0304635,1.8911142,-0.4007334,0.6331143,-1.6748344,-5.517234,-0.49078184,-6.275105,-3.0783257,-4.632245,-1.6151266,-3.0491698,-4.594651,1.4110434,-7.734945,-7.988537
-0.38131127,0.025169747,-1.3274235,-3.1062663,-4.564212,-5.0211825,0.22244222,-1.9328802,-5.8373857,3.6021333,4.738171,-0.7652145,2.0085206,-2.3562493,-3.2441773,-3.1075563,-5.9042177,-5.0232534,-3.1789443,-4.2060323
-0.45958433,1.0652373,-1.3549249,-0.16318014,0.95227146,1.6614355,0.43257844,-2.028804,-4.5161853,2.8516235,-2.378261,-5.9717174,-4.1029606,7.4871984,1.5465791,0.07496216,-3.7071292,-0.46825764,1.3041569,-2.2175252
-0.6687674,-0.069001794,-0.17375362,1.6232847,0.01446902,-1.4185728,3.249429,-1.2121143,-2.3438659,2.5630593,-0.48831442,-2.507716,0.011360286,-0.35574964,0.62197685,1.6111271,-2.1458547,0.48274726,-1.4077863,-1.3569579
-3.0735037,-0.04518268,0.0028388873,1.3680809,3.885631,-1.9484785,-0.08210487,-1.4650079,0.40964726,2.2590168,-0.5434531,-3.3521626,2.6869998,1.7596356,-3.0640337,-1.2191886,-7.7050185,-5.829802,-9.532847,-3.8960683
-1.5718085,-0.53657293,0.33289278,0.7859381,3.2462368,0.91683286,-0.9145676,-0.91249335,-2.0316868,-2.9126768,-1.9326878,-1.8861262,0.16259204,-2.308878,-0.23053354,-0.39815068,-3.4965684,-0.83273447,-3.3840299,-0.8352651
-0.909581,0.15975066,1.7192377,0.19125032,3.40513,0.07660171,1.5612524,-0.49761403,-2.2555587,-0.18919657,-0.60070544,-2.2771425,-2.6822343,3.0994434,6.5695434,-1.0510106,-1.9809921,-1.0427008,-0.3022186,-3.8189397
-0.34432432,0.1746376,1.5026771,0.87756497,-0.633066,-1.3550986,-1.0225061,0.021348173,-0.032267254,3.8509767,-0.17745455,-1.9555297,0.13533446,0.67829883,2.4026442,1.8364565,-0.5250102,-0.51930094,-0.30592915,-2.7322285
-0.34337378,-0.427544,-0.9556934,2.7026942,2.2731445,-0.0112629095,-0.54078925,-0.5617122,-4.7593546,-0.91248494,-2.340367,-2.0489268,-2.9443147,-3.7821727,-2.909051,-2.6251647,-11.660477,-2.251908,-6.80317,-6.9497313
0.18855253,-0.15550722,0.114637904,0.37540957,-1.8608645,2.2035415,0.19724065,-1.1670188,-1.0939225,-1.6029556,-0.4440492,-1.9574871,-0.950407,-2.8352396,-2.1823528,-0.32152915,-4.286997,-1.5051459,8.936883,-2.7711918
-1.1460395,0.51504713,0.5216214,1.7929329,1.4728051,0.106736764,-1.0232128,0.064407445,-4.273909,2.0392168,4.290674,0.44874606,-1.1758183,1.08085,0.50431645,2.4805188,-4.4824343,-3.0163076,6.2501154,-0.9492241
0.087183364,0.13814656,1.8408389,-0.80259985,3.442713,-0.92567676,-0.022550717,0.6278633,-5.3268094,-0.8515709,3.6365871,4.514496,-2.2503295,-6.5785995,-2.6366217,-5.1181455,2.3066301,-4.195633,-5.1302633,2.2484102
-1.8680768,0.22426015,1.2556096,2.1547396,0.33779517,1.3723259,-1.4033761,-1.846919,2.835658,-0.10016632,-1.4817182,-1.0844815,1.3999872,-0.61855763,0.9159466,-0.44434613,-10.957589,-3.4965546,-9.346919,-4.726088
0.09329028,-1.3299537,3.743314,-1.4051685,1.5186994,-1.3074921,0.13696933,0.1484926,-0.15052724,-0.42900676,2.8499548,-1.5065931,1.1963425,-1.0184052,0.14280784,1.4395555,-7.634962,-0.6097387,-3.7808342,2.8052251
-0.86480683,-0.62876815,0.7502241,-0.70519185,-1.992799,-0.32010326,1.1155782,-2.0775585,-1.3157392,0.39325067,-0.5880965,-1.7657721,-0.48091644,1.1793349,4.3682437,0.55818206,-4.394568,1.0248281,-1.3414944,-2.5910485
0.33851272,-0.3829579,0.23249933,1.5004064,1.325647,-0.13833266,0.4978038,0.021844726,-1.7544826,2.0665443,1.3077193,1.0283517,-1.2210076,1.8101228,2.8856068,1.2635746,0.21995454,-1.43739,0.86914563,-1.214896
-0.0035340495,0.3685811,-0.29799357,-0.38014817,-3.2730167,-4.330278,2.577689,2.370132,-2.2617815,-1.568349,-4.347163,-5.165339,1.6539823,-0.33528653,3.326852,-2.4024718,-1.4117453,-2.5426457,-4.6244006,-4.689023
-8.040779,-7.9077997,-13.571479,-6.7990437,-14.560413,-15.417635,-8.291715,-8.386022,-8.076297,-5.5947804,-3.9572604,-4.54392,-0.5386864,-3.5904639,-2.565823,-3.7381396,-5.0682397,-3.153221,-6.2668905,-10.503103
-2.5208392,0.50205654,-0.52611315,0.7805978,0.13149714,0.9963029,-0.06909056,0.6837694,-2.5801845,-2.1957228,-1.8743557,-7.243444,-2.730771,-2.7380369,-4.578801,-3.8659997,-9.384964,3.5874958,-6.112741,-5.9957952
-0.8334714,0.22819653,1.6873134,0.5258874,1.1091888,-2.002177,-1.1355397,-0.055126544,-0.856637,0.14773622,0.7490104,-0.28642464,-0.95612,-0.5397704,1.2528079,-1.7636045,-6.584581,0.2837531,-0.8008509,-4.6732187
-2.4991078,0.56919163,1.6365724,-1.5027399,-0.98908395,0.9986665,-0.05694636,-1.077418,-4.832159,-4.0486755,-4.9200983,-7.9135513,-3.1799657,-7.900425,-0.903137,-2.837393,-12.134657,-2.7600257,-13.620606,-10.643708
-1.9243909,-0.58977973,-0.74942803,0.961588,0.4261314,-0.953596,-0.6528153,0.30832157,-1.6347123,-0.06190904,-3.1902542,-2.9983234,6.4076505,-3.1762757,-2.7557583,0.6249071,-4.774343,-3.3481739,-3.4018502,-6.1334743
-0.5583317,0.9958788,1.4742521,0.22879109,-1.531609,-4.3766403,1.0594863,-1.1518203,-1.8489954,4.8799543,-1.8795564,6.627156,2.1329706,-1.7195928,-1.7221929,3.8369758,0.2383022,-1.9490455,0.5733085,-3.1770654
-0.87038857,0.25205523,1.438169,1.2371187,-3.5041857,6.4257455,-2.5939202,-2.4677944,-2.127489,3.589311,0.7302456,-2.3118804,1.1623904,-2.181016,-3.8368833,-2.0624492,-7.849591,-4.2554336,-8.940467,-1.9857095
-0.69442296,0.83950955,1.5222139,1.1128972,-2.516773,-2.5183415,-0.2580215,-0.7930846,-6.1706414,4.7655115,-0.23400821,-2.8641021,-4.0738263,-0.50428665,-0.08859585,1.0098836,-1.1428674,-0.104004785,2.1604137,6.870241
-0.1405802,0.28586146,2.22688,0.48833176,-0.42176375,0.07388729,1.0220984,-0.88435996,0.4781087,1.0853864,-1.013841,1.0044283,-2.5339665,-2.421808,-0.8163398,4.764105,-1.1488895,-0.02777386,-0.881646,-2.2706723
-0.16313106,0.6554845,1.4457705,3.265357,2.7818468,0.37465146,1.6589,0.7128198,-0.38227376,3.1725068,1.8398379,-1.4044607,-0.010515279,1.4853398,0.68084216,0.8660096,-3.930184,-3.0889246,-4.303599,-1.1467019
2.0927482,1.0884613,4.6792903,0.86840135,-1.9018255,2.1696615,-0.6005784,-2.0527692,-4.397624,-3.3853986,-2.7855837,-6.573752,2.705729,-10.013953,1.2319869,6.0473886,-7.1906857,-0.7136447,-11.325158,1.1182666
0.31576118,1.1512338,-0.7984775,-5.487257,-2.86437,-2.1413784,7.166661,-1.2367706,0.3532111,-0.9464019,1.5203598,-4.5118046,-0.9039922,-1.6169024,8.44914,-0.5739674,-5.9635873,-4.222403,2.7719007,-3.200239
-2.2837565,-0.09174061,0.46616718,2.4429846,-0.16415122,-3.2443037,5.631669,0.36044967,-1.120765,-5.5293946,-4.681621,-5.4992113,2.0750701,-4.9568224,-7.3163238,-2.3372464,-17.299782,-5.6919327,-9.40109,-15.118708
-0.9210142,-0.29700115,1.9458781,1.0139023,-0.1703333,-2.314711,0.642553,-0.5254726,-1.6340494,2.8576546,1.0563849,-1.2531587,-0.19048499,0.08653756,5.2273765,0.88632596,2.615033,-1.587033,1.1249533,-2.163294
-1.2356768,-0.29521373,0.7786322,-0.553763,0.9179501,-0.5550593,-2.1456912,-1.8266181,2.6263874,2.800578,-0.9515165,1.0978686,-1.0574353,-2.0484264,0.3106218,0.6304919,-2.490211,5.089721,-1.0544873,-1.2090063
-0.45578265,1.0445164,0.41107824,2.668718,0.6864913,-2.8052707,-0.061737873,0.37969422,-1.5407232,4.59214,0.98377454,1.4472594,0.79460776,-0.30578065,0.25395793,1.566303,-1.703291,-0.8527854,0.32570636,4.3274307
0.5755753,-1.1600206,-2.009239,-0.5384354,1.333199,-2.9191406,-0.31117737,-1.1928719,-5.6581883,0.13571854,-2.5310998,-9.0043955,-2.4819696,-0.76533073,-1.0112249,-3.8044007,-5.4136076,8.134373,-1.3604932,-2.2390575
0.16384773,-0.60559773,-0.74713147,-0.7231903,1.7160689,-0.5873884,0.7064248,1.1676553,1.3190267,0.6797071,-1.1358129,3.5873744,-0.7872625,0.7945928,1.2195773,-1.395152,-0.086811155,0.36976784,-2.4722667,1.1259223
-2.4295835,-0.1383193,1.2251593,-0.11053066,-2.4271235,-0.16961479,-0.9408133,-1.67943,3.5164814,-2.1605856,-2.6075962,5.2800817,2.2465599,2.5298467,9.342641,-1.1074907,-4.814633,-5.737615,1.5094558,-7.668591
0.36159673,0.077207066,0.5575152,-1.106657,-1.2165323,0.94547594,1.8460892,-0.051973138,-1.3002973,1.3627207,-1.0735016,-1.0440993,-3.6025095,-0.14823535,5.693025,2.2654552,-1.568299,0.70132995,-0.49447024,0.20954917
-0.36795926,1.1700977,0.22581275,1.0842568,-0.8686604,-2.516641,-2.1813207,-0.8688282,-1.3379622,4.6734056,2.026071,3.0878468,-1.9255246,0.6291074,-1.3239087,1.5567609,0.42384243,-2.1222906,0.31660742,0.73272794