0.8679184,-0.41366038,0.72637135,-0.5055976,-0.93288964,1.6195179,-0.56489825,0.7985546,-0.6766628,-0.6929459,0.7348289,-3.279842,0.2664925,-0.56708974,0.7584198,-0.82908344,-2.152696,-0.62323606,-1.9161153,3.7580817
2.2839346,-1.9878087,-6.481643,-6.3019853,-7.810114,-1.2665265,-0.6692658,4.7874837,6.10922,-1.3775712,3.053938,-6.5862284,-0.6511287,-3.1955817,-1.2505153,-4.79108,-3.3980973,-11.744372,-0.79077905,-5.661954
-3.4344058,-2.5181649,-0.8331995,-0.49754563,0.86096615,1.1113144,0.4234056,-1.3792723,-3.9679308,-3.7324183,-2.3622687,-6.533127,-3.0819535,-5.469465,-5.0865984,-4.5576463,-13.173793,-4.48712,-9.414411,-7.905392
0.63383484,3.3884628,0.16121002,-4.369511,-4.0214143,-3.8504236,-0.1679741,-2.2623851,2.0011141,-7.333659,-4.824012,4.7460146,1.3741637,-2.8028395,-6.4611373,-5.163978,7.879459,2.7656484,0.005193016,-1.372763
-1.4513218,-1.7454711,-0.2703873,6.813373,-0.79188,-1.9078279,3.0673265,-1.2305728,4.8770947,-1.0169703,-0.12862241,-0.59283406,0.114834346,-1.1474146,-2.7944298,0.32739532,6.635277,-1.2260616,1.5259192,1.1781119
0.07436226,-0.7900072,1.9200749,1.1134621,1.5805502,-0.0658318,0.4013753,-1.1043459,0.8641054,-0.2652,-1.84713,-1.9632635,-3.201013,-1.488998,2.8889115,0.75034714,-7.4602795,-0.29829207,-6.2237105,-8.150978
-1.7169063,-0.4808491,1.386736,0.16137059,-0.018487075,8.035859,-3.2763004,-0.124759234,-4.313209,-2.2353995,-1.8648987,-3.7693157,-3.2889414,2.856375,1.6994243,-2.1352189,-8.395321,-1.4367366,-8.126117,-7.365662
-1.2409456,0.0038984213,-0.19666998,-0.25216427,0.48314485,0.08522621,0.90637,-0.7841638,2.9475133,2.3315263,0.3469822,-1.2691057,-0.9133047,-0.8641796,1.3310618,0.20328322,-3.7761686,2.6281817,-3.3111033,-1.6069
-0.22732052,1.4433717,1.7119052,0.95888484,-0.6667802,-1.9424012,0.6252796,-0.57467175,-0.6836945,4.1586294,0.58602405,1.9488769,-1.2582405,0.8946477,4.9553895,1.7655088,1.1740623,-0.7006545,0.3309939,0.35119402
3.2744606,-1.2190586,-11.535794,-10.402447,-4.525125,-6.4082336,-4.6303234,-3.604163,0.5205456,-1.3417916,-3.9150896,1.5649859,-1.3374832,5.5650616,-3.4201,4.9209847,-1.9199046,-2.3058248,3.1337504,3.5133798
0.2480227,0.74229765,2.0697134,1.5126685,0.34446207,-0.8462036,0.29621074,-0.21717675,-1.7601815,0.098345414,0.6672137,-1.7666967,-2.879459,1.5999526,-0.6947286,5.0770583,-1.3806506,1.2795194,0.7586994,-2.2084348
-2.9085398,-1.4358448,4.469882,1.8955103,-5.1603093,-5.982346,-5.7797284,2.3045156,-5.6780496,2.6668434,2.0099187,0.044181395,-1.4397743,-5.5950913,-6.2147593,-1.1453114,-0.105744384,-1.7566887,4.153357,-3.2541304
-1.8737894,0.5268976,-0.8547336,-0.5708552,1.0827149,1.969783,-0.45543018,0.5009368,-0.23430137,-5.8831854,-0.28849646,-7.361431,-3.499323,-5.557311,-1.797275,-3.2014391,-5.0268407,0.8049029,-7.957062,-8.597677
-0.087211445,-0.23327437,-1.5479479,-5.405613,-5.962187,-4.369372,-0.8798481,-2.4523191,-4.2409086,2.8788924,5.490143,-1.3246956,3.7091193,-2.6807652,-5.156413,-2.7200556,-6.2194643,-5.3208947,-6.2958674,-5.0832796
-0.47105595,1.1845374,-1.4398155,-0.15885006,0.9354974,1.626073,-0.45532912,-2.1264396,-7.273362,3.0971181,-2.7079856,-7.8826056,-4.16367,7.2216663,3.2322094,-1.0965463,-3.8850527,0.3094698,2.9103012,-5.0304446
-0.6678643,-0.073530026,-0.18377092,0.8758457,-0.08886786,-1.3599385,5.49893,-1.2593933,-2.3552394,2.5166671,-0.5196144,-2.617424,-1.8655188,-0.45193812,0.17716429,1.6480339,-1.9857583,0.49279967,-1.2960511,-1.6180054
-3.6394696,0.087971464,-0.8287442,1.6865051,4.0768924,-2.6165068,-1.3430916,-2.2939136,0.6284076,2.181532,-0.9551842,-2.9150507,3.6841304,5.1936893,-3.2574618,-1.4330349,-8.457455,-4.174306,-10.5684185,-4.0447364
-1.5728116,-0.53670955,0.33116835,0.7966771,3.2465396,0.9155934,-0.9302427,-0.92112714,-2.3675094,-3.2036612,-1.7685136,-2.6722693,0.37553146,-2.6860282,-0.5715853,-0.9922119,-4.29169,-0.9262845,-3.4651952,-0.8485723
-0.9143527,0.1441204,1.7211,0.19280034,4.5948005,-0.0002877441,1.0533738,-0.5231934,-2.304036,-0.22077988,-0.64605784,-2.550285,-3.6467333,4.8432293,6.121542,-2.1503632,-0.34735468,-1.0909821,0.31462005,-4.7348967
-0.34448045,0.15366451,1.7711674,0.7671183,-0.6749826,-1.9924837,-0.95045793,0.0108203385,-0.0041604885,4.360014,-0.2765253,-2.230881,-0.19746554,-0.3106532,2.5181851,1.6565987,-0.42752266,-0.58204323,-1.6590015,-3.7651381
-0.30289248,-0.4608702,-0.9453657,2.8447554,2.2149873,-0.04807315,-0.7746914,-0.6801845,-5.016583,-2.3023617,-2.958172,-1.6197295,-4.9115357,-4.2642856,-5.0540576,-3.6593816,-13.900289,-2.5637672,-8.778346,-8.359588
0.2630923,-0.19103378,0.025003497,0.007237085,-1.9275216,3.6472378,-0.10796571,-1.2253652,-1.298236,-2.5387394,-0.53583497,-2.33032,-1.4167887,-3.5728567,-3.158494,-0.9507212,-4.81729,-2.3547878,8.717135,-3.6553853
-1.1623516,0.5485591,0.5064751,1.8021295,1.4506223,0.03435663,-1.2859423,-0.011930833,-4.471945,1.4943417,6.9664445,-0.5068924,-2.4795327,-0.37896484,0.30304372,1.8960041,-6.2426243,-3.228038,6.6283255,-1.1147733
0.38946387,-0.55898464,0.6880832,-4.3630886,6.0132656,-1.0483314,-0.17362519,0.9353165,-4.0345497,-2.7714791,3.6723256,2.816008,-0.2726334,-5.8330956,-0.4524659,-6.113024,1.9239619,-4.721898,-3.9231663,3.0951567
-1.8804706,0.24375832,1.239842,2.13189,0.30896434,1.8713099,-1.504855,-1.8997139,2.9607553,-0.14356422,-1.3709314,-1.3682156,2.616615,-1.5415651,0.6531361,-0.90748984,-12.606359,-3.8268538,-10.07965,-5.56959
0.08351507,-1.5119705,4.018197,-2.6292875,4.9283957,-1.3605695,1.8247873,-0.11136823,-0.0056414306,-0.81939304,1.7121093,-0.9053126,1.9534956,-3.6541333,-2.6500251,-0.07220207,-9.258114,-0.85005057,-6.257172,4.5460763
-0.8636762,-0.63919556,0.7991525,-0.7770634,-1.9994442,-0.30224222,1.8859521,-2.1125824,-1.2891614,0.29898027,-0.44323227,-1.7847263,-0.9819439,1.1336827,4.5329633,0.96528155,-3.6700392,1.0573335,-1.6323231,-3.8251321
0.34006438,-0.39054552,0.23246403,1.5883714,1.3032734,-0.1002713,0.3322506,0.016288992,-1.7641312,2.0347502,1.5046608,1.0262083,-1.5941397,1.6658449,2.9218557,1.103963,0.58874476,-1.4564846,0.69644076,-1.5221361
-0.06844469,0.21009403,-1.852288,-2.9756706,-3.613832,-4.544212,2.135259,4.4766483,-3.4723594,-1.186366,-5.997131,-9.915498,1.1939863,-2.6141272,3.3083558,-5.05648,0.9141799,-3.4874687,-6.2655125,-5.9468346
-8.147856,-7.691934,-14.845881,-7.749302,-15.386858,-15.331223,-5.783321,-8.483302,-8.269247,-5.809945,-3.958894,-4.4330673,-0.51709306,-3.638209,-2.588893,-3.7695925,-5.0409665,-3.1658375,-6.304701,-10.533056
-2.5562322,0.7281228,-0.58767194,0.75941455,0.09124271,0.9501076,-0.3945705,0.75990325,-3.8999689,-2.7712414,-1.9874187,-8.354307,-3.783481,-3.4935045,-5.7399974,-3.947161,-11.7696495,4.517512,-7.6187925,-7.8267407
-0.840149,0.2216262,1.684581,0.49775514,1.4874893,-2.121332,0.3009607,-0.07706396,-0.84079754,0.052330796,0.857413,-0.5226273,-1.2643435,-0.8402869,1.1313943,-2.0887787,-7.464511,-0.5378661,-0.5061551,-6.3082047
-2.7949994,1.2867041,1.4463425,-1.4613733,-1.0662847,1.0851928,-0.8004287,-1.7909799,-7.485572,-6.6660137,-6.077,-6.830007,-6.829179,-10.375214,-0.98242444,-4.9938607,-13.808097,-6.6559973,-17.027655,-14.743406
-1.9358789,-0.5761086,-0.76386094,1.008043,0.3930382,-0.9874386,-0.28580126,0.3324528,-2.1383564,-0.5968753,-3.8147464,-4.833253,5.8581705,-4.693408,-3.1801698,0.29829222,-5.8541446,-2.671764,-3.388453,-6.062992
-0.55622,1.0767179,1.2639878,-1.8776225,-2.3294454,-4.890187,1.2775668,-1.3300295,-1.5843767,4.5830865,-2.8013253,6.527664,3.3232045,-4.3377566,-3.431832,4.9705734,1.1980761,-0.5366698,-1.5815574,-0.2801871
-0.7612962,0.45313677,1.37144,0.90200144,-4.0859027,7.8108006,-3.4397671,-2.798483,-2.6982179,2.8777819,1.3971463,0.8039605,1.1697443,-2.958874,-4.4887557,-5.406089,-7.376232,-4.196486,-9.025214,-2.8482983
-0.62742203,0.71332306,1.6698424,2.7394445,-4.3324313,-1.1230974,0.10029699,-1.0759786,-7.639994,3.7630916,0.33018145,-8.444578,-7.5173283,-1.2583168,-0.37530667,0.16016784,1.479048,-3.0089831,2.3497598,7.1743274
-0.15540507,0.27614427,2.2910507,0.45582235,-0.4780696,0.028957877,1.8124261,-0.94512635,0.51181656,1.0989852,-1.1847883,-0.3241264,-3.6845386,-2.6480553,-1.1928564,6.3595157,-1.3244607,-0.16899136,-1.5699136,-2.0908837
-0.16830681,0.6507347,1.4266176,4.1487746,2.2640243,0.20502615,0.4853111,0.6730971,-0.87181276,1.9377376,2.2667522,-1.4997264,-1.239663,-1.1930344,-0.2736126,0.12630834,-4.9232497,-3.217638,-4.8630114,-1.8247217
2.3954923,0.31167135,5.0574083,0.46901906,-1.6692197,4.738221,-2.3729382,-2.566126,-5.37616,-4.9049563,-2.0832458,-2.3828645,2.33344,-8.396312,0.33147296,6.99037,-3.4389226,0.38057306,-11.333894,1.071197
0.56789434,1.6041869,-1.6637874,-4.5189257,-3.961794,-4.0855403,6.097952,-2.0766022,-0.73485374,-0.62138957,0.18784101,-8.271068,-2.5208251,-4.469791,7.4131546,-0.98773074,-6.504414,-3.3598692,4.390715,-3.7121813
-2.3577676,-0.30744812,0.15253596,2.8760808,-0.61567223,-3.5319228,6.0476303,1.8054594,0.035452228,-6.2071776,-5.3410435,-7.4491506,3.4546692,-7.172,-8.326026,-1.2845151,-18.073784,-6.033298,-10.895334,-15.617222
-0.92340237,-0.29833198,1.9526649,0.99661714,-0.24456893,-2.3474393,0.75039595,-0.53207284,-1.6546996,3.1938877,1.1268907,-1.4719192,-0.56361955,-0.3889262,4.1896224,0.7539196,5.890583,-1.6046275,1.0369881,-2.3874443
-1.2423954,-0.32539433,0.7876585,-0.56226236,0.9990247,-0.5399616,-2.0336206,-1.8360685,2.713283,2.9832716,-0.95276505,5.0702367,-1.421784,-2.2322998,0.13544248,0.7352867,-3.613882,5.7071347,-1.9696115,-1.5784144
-0.45601004,0.9835371,0.29692355,4.2431936,0.24419528,-2.8693519,1.1867378,0.39028502,-2.4409323,4.2751713,0.2790351,1.1969322,2.051946,-1.2733526,-0.6975224,1.2719444,-2.3322134,-0.8882732,-0.7842805,4.782072
0.8303879,-1.3645011,-2.2672174,-0.79153365,1.3097605,-3.1425512,0.3731481,-1.5526562,-6.9266624,0.41576433,-4.6431446,-8.563466,-6.001503,-0.4322014,-0.4350626,-5.22908,-4.1584,10.163403,-2.730488,-0.7504413
0.15779343,-0.60941947,-1.1059312,-0.73527884,2.409282,-0.56789297,0.34570795,1.2303882,1.313216,0.4821913,-1.2276766,4.3524504,-1.7330897,0.59323007,1.2065142,-1.5067703,-0.9728521,0.36089006,-3.1039255,4.2556334
-3.012187,-0.58536774,1.5904629,-0.021686606,-4.0235534,0.34441662,-1.2075762,-1.4104317,4.7551785,-3.1971993,-3.1119816,6.9389834,1.8991357,4.09225,8.3362465,-0.5897352,-4.340941,-3.960153,1.0720419,-8.858549
0.36336502,0.076519854,0.55355996,-1.1800947,-1.2086469,1.1291203,1.8565066,-0.059981752,-1.2930918,1.2162027,-1.0918355,-1.142121,-3.9778435,-0.3251574,5.789856,3.0390246,-1.4170976,0.6853859,-0.8641031,0.031741537
-0.3685142,1.1847188,0.2035995,1.0928819,-0.63399065,-2.4135835,-2.5770364,-0.88330245,-1.6880566,4.4847426,1.9984767,3.1181254,-2.5975456,0.8426801,-1.4183563,1.3630887,0.6595065,-2.1529317,0.24620624,2.1348405