0.80722857,-0.40169618,0.70222354,-0.40022597,-0.77434695,0.6963319,0.55229324,0.7975011,-0.10547297,0.68153983,0.40370136,-1.741277,-0.8183865,1.5714924,0.97817194,1.578375,0.5732389,0.13551834,0.8467094,1.4420103
0.18194202,0.99069273,1.0621806,-0.68266666,-3.18727,-4.2557545,-3.1259062,0.90618396,4.700022,1.4289392,4.1080527,0.39124534,0.49344188,3.0309281,2.6397686,0.7235787,-0.22152232,-0.5471378,1.6105486,-0.9778137
-3.4267461,-2.5503695,-0.84185326,-0.49962798,0.86621624,1.1169397,0.4348095,-1.3280842,-3.174523,-0.29978925,-2.2393541,-4.7517586,-2.7530775,-2.899081,-3.4613109,-4.2830415,-4.843778,-3.6444206,-5.048886,-7.2254324
-0.080029525,1.2823817,2.24239,1.3913113,0.6715812,-2.2428956,0.6905719,-0.050663788,3.3311293,2.1535144,1.6393741,4.824951,-1.6777422,2.255002,-0.71502787,-0.95705587,3.7878582,1.0859832,1.1626403,0.17827201
-0.88442,-0.21871285,-1.1312566,0.76682085,0.50744987,-2.1197171,2.8606246,-0.5539716,2.7803173,1.6536285,0.3984606,2.1647785,0.6850078,3.110531,1.1707797,-0.6982251,5.069748,0.29475135,1.3707149,-0.52568656
0.04957331,-0.7495583,1.6921726,1.161573,1.622208,0.13876408,0.69421715,-0.8043901,1.584729,1.9469172,-1.1834677,-1.4245635,-1.7174776,-1.6027852,2.3453887,1.2017721,-2.3436687,2.2669067,-1.7561135,-0.90335536
-1.6613318,-0.58447754,1.4338198,0.22126055,0.31830138,2.1369054,0.6245364,-0.27701277,-0.113276914,1.3354557,0.28372,-0.40008342,-3.0064805,1.2462579,2.1945198,-0.50085545,0.7691465,0.9193272,-0.056009933,-1.5971681
-1.2361274,-0.041250203,-0.18275768,-0.23613358,0.3471812,0.18217438,1.6411139,-0.74422365,1.9111973,3.2963448,0.31283602,-0.45976248,-0.59707665,1.3883525,2.2470613,0.6091488,0.5542272,2.5207267,1.013849,-1.052053
-0.23787418,1.4427949,1.7341529,1.1564883,-0.31353626,-1.7487192,0.6023306,-0.5424428,0.5470068,3.4472654,1.233417,2.4353993,-1.002846,1.5884197,2.9703329,2.3375123,1.754656,0.07287065,0.72604066,0.46097907
-0.6012503,0.09560324,-1.2479522,-3.441045,0.14113446,-2.962405,-0.7781665,-1.0914444,2.415239,0.758634,-2.3533995,1.1502091,-4.549085,3.601791,-3.0787265,4.268641,3.995811,1.4221381,2.002545,2.174896
0.2420747,0.75223356,1.8288671,1.6044078,0.51343197,-0.115658864,1.1567839,-0.17671032,-1.1429536,1.8097515,0.4877986,0.55499303,-1.8401868,1.7096354,0.14693697,2.8302937,0.4095504,2.112035,1.91718,-0.6671253
-0.48511374,-0.027981425,0.66356695,-0.8271331,-0.947736,-2.256521,-2.31385,0.89717746,1.9140778,2.5352793,3.7669303,2.5135324,0.7457378,2.627204,0.35751957,-0.2920268,1.60874,1.7173524,2.8651612,0.16262563
-1.8492494,0.41941294,-0.79775393,-0.54086334,0.9308569,1.9206764,-0.3084498,0.7444342,1.321143,-1.0349325,-0.23497275,-2.8976583,-2.6207802,-0.18866004,0.33651608,-1.4160562,-2.2527235,1.5242397,-2.9409213,-2.0308993
-0.5173955,0.11822849,-1.1162689,-2.9853766,-3.9490047,-4.6206775,-1.3253382,-1.2839231,-3.9941888,0.88306683,3.8677595,0.7356713,3.106321,-2.037798,1.6035844,1.9666848,-1.7915176,-0.16349594,-0.80798495,-1.6155708
-0.46664867,1.0215971,-1.3393959,-0.17544055,0.9826049,1.712128,0.89547014,-1.9421915,-1.5043696,3.5636227,-2.096796,-3.9572175,-3.8238652,1.3173695,0.18236491,1.7225684,-3.0438979,0.55068916,2.2624562,0.19563152
-0.675328,-0.0685432,-0.15519452,0.650375,0.15713969,-1.4030339,3.4857082,-1.1884392,-2.079351,2.9122024,-0.38764575,-1.9939733,0.69139415,0.7339792,1.7016528,2.3383367,-0.4569417,2.152861,-0.4998898,-1.3817666
-2.3362882,-0.9270768,-0.33963862,-1.7261895,0.9656182,-2.8820736,-0.48522177,-1.0620451,0.8123305,3.7656772,1.5963979,1.2017262,-0.81584626,2.8485985,0.45322526,1.9869313,-0.055506893,0.34406993,-0.75576866,0.0798199
-1.5690186,-0.56024015,0.33719748,0.7481372,3.2610595,0.92532736,-0.8113843,-0.88548476,-0.18675074,0.21107914,-1.8883525,-0.89864975,0.034939203,0.5310542,1.2568132,0.27289504,0.07162498,-0.11792062,-1.3164885,0.36655214
-0.90217656,0.10102737,1.7542745,0.36977887,1.764201,0.33222273,3.1267455,-0.4630164,-0.29959616,0.8893437,-0.42808935,-0.06918285,-2.4225986,2.8786378,3.1196,-0.56143093,3.5231154,-0.08925592,2.3344893,-0.38757545
-0.3412128,0.17158428,1.0781794,1.0841483,-0.475336,-0.86965257,-0.6181879,0.033989415,0.87177145,3.7149465,0.5024382,-0.14101668,0.23568,2.1066673,2.2397892,2.5505736,1.022197,0.1710182,1.0628167,-2.2427742
-0.34244668,-0.37884042,-1.0682732,2.4281452,2.366513,0.05581352,0.18546924,-0.3338482,-2.379613,1.8565148,-2.0142944,-1.6203357,-1.8038121,-2.1504395,-0.76058376,-0.7779015,-4.4914017,0.6577974,-0.26653928,-3.0971596
0.1421325,-0.14530836,0.19911094,0.47323227,-1.6542246,0.5645147,0.9991732,-1.0866187,-0.115965515,0.73503506,0.414078,-0.9856122,-1.4687881,-0.6497053,-1.6022308,1.1643771,-1.1574178,0.17093946,3.722989,-0.9333482
-1.1339428,0.4096641,0.54801416,1.7970066,1.5506402,0.45385697,0.6531079,0.15723616,-0.553373,2.8351424,3.4328818,1.2305255,-0.66058075,2.092068,1.3994262,2.9369385,2.6434753,-0.6901438,4.2105384,0.19145317
-0.07859267,0.7276229,1.1308876,-1.3208891,0.3001139,-2.619283,-0.27985698,0.39581662,0.5597339,1.0700963,4.4674873,4.114353,-0.38914326,1.2743199,2.3152509,-2.764217,2.6660385,-1.5090243,1.0029256,0.93940324
-1.8477719,0.07451751,1.290406,2.2141144,0.6018433,1.53162,1.1777619,-1.6313243,2.3231802,2.1602309,-1.2994965,0.34192216,0.88338995,0.8983776,3.263281,0.36250684,-2.2201555,0.32982525,-1.7032787,-0.38621485
0.101927444,-1.3082051,1.2555581,-0.3884653,0.9123162,-0.006832904,0.9492719,0.21662153,1.1963573,2.1946132,1.9444122,1.2889795,1.5886383,0.62343884,1.8069402,1.6205881,1.023418,0.5547183,1.9780837,1.3915699
-0.87934476,-0.62390405,0.40699485,-0.49672344,-1.7262992,-0.34063467,1.7144957,-2.0173848,-0.63632274,1.5815183,-0.57387066,-1.3100011,-1.3792086,1.3861463,2.6688633,1.1098644,-0.4898836,2.0004625,0.91982543,-1.5668445
0.33159626,-0.3833677,0.22862953,1.3229918,1.3797255,-0.028383382,1.0739313,0.04095789,-1.2091454,2.9508648,1.0887488,1.1010591,-1.0671368,2.1135752,2.478678,1.5999663,0.9088464,-0.79381007,1.3730234,-1.0315257
0.02450351,0.35903957,0.45137873,0.69677556,-1.5234413,-3.90973,1.7547951,1.0595609,-0.48559597,0.45733652,-0.682273,-0.73045486,1.85873,1.195574,4.592845,-1.6115527,-1.0036916,-0.39667562,0.73594093,-3.1206536
-7.525138,-7.2862844,-12.304072,-12.329354,-14.618845,-14.755164,-9.472427,-9.125712,-7.9633803,-5.7869344,-3.8884592,-4.544619,-1.0619788,-3.320545,-2.2882125,-3.445654,-5.132639,-2.8266492,-7.142862,-9.952138
-2.497068,0.3120138,-0.49190286,0.79458576,0.15715654,1.0259576,0.29987812,0.69008034,-0.7591851,-0.3752471,-1.4324749,-4.305564,-2.1034696,-1.4194864,-1.0223573,-1.7363876,-1.3162267,1.8493551,-1.1911756,-3.1246781
-0.8261345,0.17547993,1.6998726,0.612991,1.2155156,-1.5982718,0.46080396,-0.06713948,0.58545876,1.9672796,0.9443722,0.44921267,-0.81817156,0.38311026,2.2798438,-0.6918976,-0.2094155,1.3977275,0.5305295,-0.8609355
-2.430454,0.06791953,1.7200198,-1.4559782,-0.93194586,1.0346724,0.22334002,-0.6950237,-1.4518082,-0.6504369,-4.48472,-3.369401,-1.9821804,-2.7205033,1.3276681,-1.1948829,-0.06381846,0.09088783,-2.880636,-4.180077
-1.9086571,-0.6450965,-0.72691363,0.88581544,0.46603528,-0.8894672,1.2586623,0.00084949355,0.83715427,1.6018344,-1.5622277,-1.7620966,2.173003,-1.0851908,0.71629775,1.4351846,-1.2147013,-0.16818677,0.8601507,-0.73165226
-0.57218397,0.9911318,1.5123307,0.62434953,-0.6986385,-3.8749044,-0.46078616,-1.0961124,0.045003932,4.324233,-1.4549714,4.433367,0.59147185,0.83295447,-0.42208663,3.4795196,1.05271,0.11717402,1.3700373,-1.3468485
-0.9038237,0.20665668,1.0565009,1.6430969,-2.6347923,1.5396051,-0.9781926,-1.8505247,0.111326724,3.6973813,1.6080705,1.2031469,-0.25478253,0.34119794,0.76383066,0.8083189,0.21626794,1.212263,0.6752389,0.6342279
-0.8481627,0.76112294,1.6909131,2.0129645,0.2674737,-1.227547,0.114089884,-0.7477606,-0.5589076,5.377878,1.3533044,1.6662123,-2.6189904,2.6022046,1.0892274,2.6895387,3.5686526,0.109602615,2.9600909,2.3146033
-0.15766923,0.2893427,1.505766,0.97181773,-0.15522648,0.7155593,1.4486066,-0.7898404,1.2486172,2.590704,-0.6403613,1.6936858,-2.5690477,-1.1211573,-0.50329006,2.8369381,-0.06335374,1.1448398,2.5442953,-1.4912276
-0.15446591,0.6144779,1.4657961,2.8385015,2.8637118,0.55981714,2.9983213,0.7711223,0.6442068,3.8657663,2.0536551,-1.1160637,2.1098468,2.222305,2.1069899,1.563087,1.2728834,-1.883019,1.4445419,0.8024364
1.5667318,1.5098397,2.9701612,2.3724353,-0.6194223,1.8595529,1.37289,-1.4180726,0.3788666,1.9988513,-1.0921828,-1.3006604,-2.1203558,-4.717254,0.2515971,4.673432,0.8171311,2.4677954,1.2824428,-0.9279763
0.15801482,1.2302043,1.0323266,0.3821727,-2.0085735,-2.0012565,3.1177483,-0.672727,0.11979086,2.381609,0.23903058,0.032368354,-2.5980372,-0.82496643,2.8187613,2.8708508,-0.15141387,0.62132514,2.2576237,-0.7022852
-1.9654334,-0.751805,0.7721711,1.7216728,1.1803957,-2.3577445,3.4189775,-1.0338066,0.53376806,-0.48061743,-1.7536508,-0.3383661,1.7131329,-0.85096693,2.6491776,1.2809559,0.55176336,2.6673756,0.62705934,-1.8002905
-0.9175171,-0.33154777,1.9390197,1.059781,0.21644369,-1.703615,1.188957,-0.5062335,-0.36245233,3.1913443,0.9918568,0.44529095,0.074639454,1.1176505,4.057192,1.1691065,4.732049,-1.0852133,1.4500496,-1.8940418
-1.2370082,-0.29651564,0.7288122,-0.5331199,0.80660087,0.13683262,-1.1972526,-1.7217809,1.8714663,3.1409461,-0.5279088,2.04879,-1.5081451,-1.161376,0.7672302,1.2793102,-0.22183335,3.1636755,0.33430195,-1.1089861
-0.44639173,1.014958,0.48121768,1.5467502,1.0160939,-2.666543,0.25661382,0.3769867,-0.64094555,4.1983724,1.8059742,2.6219494,2.1144073,1.2706224,1.7167737,1.9969107,0.3912122,-0.53497475,1.3590144,0.7194784
0.21631382,-1.0249752,-1.7510631,-1.0925152,0.7632687,-2.012714,2.1081104,-0.5291107,-2.8924062,3.7399838,-1.0039833,-2.9673092,-2.67916,1.8524077,1.0267177,-0.6787458,-0.107551485,3.8040605,-0.14152765,-0.90304494
0.16620488,-0.61913526,-0.7304334,-0.61233896,0.70617026,-0.5238099,1.4936358,1.064075,1.6522824,1.6205249,0.16354866,3.006089,-0.4887242,2.3119762,1.7478122,-0.8058651,1.3265518,0.74649984,-0.06617031,1.0309707
-1.7827674,-0.86971253,1.4126352,1.1843127,0.6965214,-1.2363832,1.3390965,-0.89685494,3.146595,1.9618069,-0.74306107,4.5347533,-2.9188151,2.3219469,3.310721,1.7327605,0.7425001,-0.10446528,2.5472927,-0.8733082
0.3433474,0.07442525,0.6058453,-0.88145405,-1.0175079,0.061518,2.2877407,-0.0045954487,-0.59986705,2.3647828,-1.0719815,-0.25745538,-3.6396222,0.34323585,1.0585381,2.3316164,-0.08025389,1.5796547,1.7639698,0.41700512
-0.379194,1.1653105,0.2335672,0.76729417,-0.41393632,-2.1925676,-1.7355493,-0.8319079,0.12985796,3.6446924,1.5432495,3.1193283,-1.7322068,1.9676352,-0.8611847,2.1772416,1.6396788,-0.5644522,1.1905527,0.23334403