0.8596176,-0.4045365,0.7093558,-0.4970568,-0.9249679,1.7429954,-0.4910718,0.7936771,-0.68022895,-0.62125194,0.6876584,-3.181104,0.26394588,-0.46754345,0.7973843,-0.42570332,-0.5950344,-0.5496689,-1.6069226,3.6814315
1.737658,-1.5792208,-4.4926243,-5.1204805,-7.0811577,-0.5933126,-0.4278157,4.7405114,4.2119875,-1.1589358,2.935077,-6.113692,-0.23965088,-3.1842265,-1.0243888,-3.5665812,-3.1358662,-11.280739,-0.7519772,-4.396598
-3.4336386,-2.5190134,-0.8327843,-0.49871948,0.86143607,1.11125,0.4240176,-1.3766669,-3.9930265,-3.6484597,-2.3767192,-6.4955454,-3.0780005,-5.4297314,-4.979092,-4.5577908,-13.0453615,-4.399435,-9.312985,-7.8828297
0.5944049,3.094309,-0.6294156,-2.4352965,-2.9927492,-2.927211,-0.99508446,-2.3223314,1.33688,-6.6847067,-3.8082356,4.9805417,1.2793524,-1.8368073,-6.0556307,-4.782857,7.1439676,1.7071695,0.6589897,-0.0036740503
-1.2974331,-1.1197555,0.4563893,4.2276034,-0.02102362,-1.6340276,2.2288082,-0.3864498,5.1956205,-0.25376177,0.8610856,0.7946265,1.6360226,-0.23642164,-2.5397902,1.0572534,5.4567494,-0.3898598,1.4861013,0.5364017
0.057749465,-0.8027922,1.9282678,1.123665,1.5826741,-0.057880413,0.097908765,-1.042952,-0.4184093,-0.34627125,-1.7274476,-1.4493725,-2.5781116,-1.4176735,2.9841433,0.93718356,-7.377908,-0.19714849,-5.9070244,-7.585036
-1.7013876,-0.47031507,1.3984916,0.16473739,-0.035565693,6.893908,-2.850292,-0.4598623,-3.7644765,-2.0286598,0.06071832,-3.2552145,-3.076575,3.5533648,1.6648831,-2.1089702,-7.304927,-0.9839685,-5.9940553,-7.051066
-1.2402539,0.0038536065,-0.1968339,-0.2517281,0.4629216,0.07408869,0.9378839,-0.78212494,2.9325943,2.3077729,0.33190227,-1.1814113,-0.83551383,-0.76942474,1.3110536,0.17799738,-3.5332801,2.594628,-3.250417,-1.4729341
-0.22743063,1.4450139,1.7176456,0.9783726,-0.6496078,-1.9631494,0.27185264,-0.57015675,-0.6814827,4.0817976,0.5624959,1.9611212,-1.16799,0.9110682,4.754773,1.7499819,1.0601598,-0.6833977,0.3625685,0.5474116
2.972155,-0.85597765,-9.946843,-9.560804,-4.4810305,-4.786141,-3.7078097,-2.9413896,0.17560503,-1.390897,-3.5572112,1.6734529,-0.7788649,5.166361,-3.5040555,4.8760366,-2.088414,-3.3427043,2.9387598,3.3209147
0.24941815,0.7443625,2.0561588,1.5227755,0.2948936,-0.8948057,0.2804468,-0.21255793,-1.7636267,0.14722222,0.5547289,-1.7082504,-2.7491126,1.533548,-0.5000035,4.278875,-1.2379428,1.3433479,0.9791038,-0.84410393
-2.116084,-0.52451533,2.4484596,1.1057286,-4.1917295,-4.3973265,-4.1067233,1.2242875,-4.643057,2.2031717,2.5668764,0.09817234,-0.31369734,-4.671753,-6.2886963,-0.6379851,0.7646363,-0.84720224,3.1173728,-3.1650808
-1.8684368,0.5352503,-0.8389987,-0.576792,1.0547433,1.896948,-0.4258494,0.57289183,-1.9331403,-5.6990747,-0.38096192,-6.9352927,-3.3345146,-5.047583,-1.679902,-3.3501377,-4.816388,2.5530887,-7.8343215,-8.526557
-0.2590177,-0.054368403,-1.4575742,-4.2033176,-5.5712605,-4.3668075,0.911919,-2.0264065,-5.3689103,2.782329,5.3463807,-1.019817,1.0800107,-2.5351543,-3.8082473,-2.101741,-5.772631,-5.206642,-6.1821823,-4.2076054
-0.44999787,1.1046911,-1.3752922,-0.15228721,0.9395005,1.6399695,0.120671645,-2.0754657,-6.464887,2.545564,-2.5044284,-7.258763,-5.590751,6.375637,3.2606726,-0.7334323,-3.8475466,-0.8064748,1.2083371,-4.591165
-0.6677612,-0.06975891,-0.18009156,1.8920982,-0.00054005336,-1.4026588,3.8384187,-1.2199279,-2.353838,2.517694,-0.48510408,-2.5723398,-1.5913975,-0.44940028,0.2378312,1.6832155,-2.2725139,0.49350354,-1.280948,-1.583902
-3.3006623,0.28088406,-0.74255556,0.49272206,5.177933,-2.4037666,0.13791499,-1.6202838,0.008030076,2.0560358,-0.77814317,-3.1748326,2.7306168,2.2955647,-3.4827008,-1.4211806,-7.7572765,-3.2928438,-10.289618,-3.6256113
-1.5724492,-0.53604025,0.3319281,0.7907293,3.2469301,0.9158935,-0.9266241,-0.916678,-2.2865314,-3.094159,-1.8516484,-2.507196,0.55550605,-2.5793686,-0.52877295,-0.74700326,-3.7911956,-0.82350963,-3.4443445,-0.8325043
-0.91245407,0.15659711,1.7201236,0.1311981,3.8156457,0.07293592,1.5432638,-0.50674605,-2.325156,-0.18731959,-0.6913972,-2.430594,-3.6532934,5.0529084,6.005822,-1.3109744,-1.1846635,-1.0376472,0.048452407,-4.3446937
-0.3432436,0.16655034,1.586072,0.83625746,-0.64422697,-1.4398838,-1.0424311,0.013937017,-0.04131395,4.150776,-0.22972979,-2.0464275,0.04725101,-0.27717024,2.2901802,1.8626767,-0.5571237,-0.52685946,-1.6421034,-3.553626
-0.33678365,-0.44477764,-0.928411,2.7806861,2.2437575,-0.015660932,-0.75545025,-0.6195446,-5.1609406,-1.9401265,-2.707992,-1.5850848,-4.1436152,-4.0548005,-3.847727,-2.8612843,-12.406461,-2.2216098,-8.264612,-7.763045
0.22208744,-0.16637334,0.07374159,0.19293277,-1.8944243,3.0572119,-0.047853697,-1.1787916,-1.1558869,-2.3555229,-0.37558728,-2.0377555,-1.0909729,-3.0187056,-2.935934,-1.1179112,-4.4042497,-1.6177213,8.517724,-3.6743255
-1.1530124,0.5343051,0.51347005,1.7969292,1.4601003,0.050323043,-1.2720711,0.02061675,-4.3928876,1.2163255,6.572622,-0.27458605,-1.8183063,0.0013827237,0.27046257,2.1644895,-5.3357315,-3.1552587,6.4031587,-1.0857264
0.37551713,-0.22201347,0.53128576,-2.6162803,3.6785905,-0.7197455,0.78200597,0.67156523,-5.1638026,-2.0035272,4.051788,3.149934,-1.2927289,-5.704481,-0.73822296,-5.8711796,2.2688847,-3.850446,-3.2351947,2.3087199
-1.8749579,0.23910868,1.2473203,2.139682,0.32210013,1.6626947,-1.6113423,-1.8822875,3.0228066,-0.13241991,-1.4150733,-1.2466526,1.4229585,-1.0763744,0.8189561,-0.7464466,-11.998269,-3.6139638,-9.933345,-5.411971
0.083608806,-1.4054677,4.166908,-1.63218,2.1357083,-1.0550437,-0.056844607,0.065718725,-0.20332846,-2.006056,1.6501391,0.04318587,2.2581236,-1.6995028,-0.6123587,1.7142324,-8.167281,-0.59756285,-5.0185122,3.9497697
-0.8635586,-0.6342859,0.7936951,-0.7222493,-1.9856662,-0.28954676,1.1080157,-2.0864701,-1.2949352,0.29672036,-0.49200094,-1.7422948,-0.6774709,1.1224703,4.4442053,0.7200809,-3.3553655,1.0481812,-1.5661767,-3.6917403
0.3398285,-0.38610563,0.23334938,1.5579903,1.3105916,-0.14369534,0.34319025,0.019690987,-1.7793782,2.059639,1.3729953,1.0383871,-1.4867547,1.6569593,2.8231843,1.1981779,0.36441132,-1.4410688,0.7189674,-1.4315436
-0.026371934,0.30545262,-0.98205936,-0.819934,-3.1344755,-3.9609659,1.3502148,3.154646,-3.0151184,-0.921523,-4.935544,-7.1897655,2.2000217,-2.6344926,3.4922779,-3.7706146,-1.3385429,-2.982894,-6.374325,-5.362355
-8.100827,-7.7340603,-13.836022,-7.687783,-14.887329,-15.096914,-7.7397046,-8.469121,-8.155124,-5.7944903,-3.9771376,-4.403152,-0.4704334,-3.6135929,-2.5794582,-3.7578933,-5.0669127,-3.1627455,-6.3022084,-10.468144
-2.534946,0.5613504,-0.5468041,0.77824944,0.124632075,0.96965474,-0.18709558,0.779478,-2.9990578,-2.5194416,-1.8228337,-7.93103,-3.0896938,-3.129094,-4.8487,-4.175095,-10.680558,4.9220705,-6.716686,-7.286695
-0.83853996,0.23377018,1.6854507,0.49900112,1.3868011,-2.1203237,-1.254641,-0.06719002,-0.84954315,0.10681853,0.82909733,-0.48516554,-1.1637774,-0.7377002,1.1609776,-2.0084398,-7.158102,0.43940067,-0.4844691,-6.237933
-2.5941498,0.9995366,1.4802334,-1.4995773,-1.0159672,0.97141993,-0.30017146,-1.4265125,-5.902853,-5.663756,-5.684714,-6.8838468,-3.6650531,-10.141532,0.42086235,-4.3403974,-12.975969,-5.0291104,-16.218199,-13.499071
-1.9298552,-0.57816684,-0.75719225,0.97839195,0.41602504,-0.9639191,-0.4066531,0.3856166,-1.932194,-0.26233616,-3.3364234,-4.501224,5.774003,-3.9538457,-3.052925,-0.025405882,-5.33999,-3.452761,-3.1473198,-5.509189
-0.56036884,0.98380595,1.4723681,-0.3494207,-1.6615397,-4.0560236,1.7650644,-1.1749266,-1.6468971,4.556731,-2.819208,5.630457,2.787127,-3.2979681,-2.3688326,4.117223,1.1838496,-0.45415258,-2.1053994,-0.21450701
-0.8229288,0.34314728,1.5225726,1.0268599,-3.5768685,6.697623,-3.406474,-2.6245883,-2.2889209,2.5998302,1.0688651,-1.097824,0.24212156,-2.33545,-3.4901547,-4.906652,-6.752242,-3.216643,-8.694904,-1.632827
-0.65067166,0.92983985,1.3839277,0.49689353,-3.1117065,-0.9807998,0.059969474,-0.94767106,-7.3009915,4.7097607,0.32976153,-7.464372,-6.1676803,-0.2629673,0.45231742,0.7657734,0.94557375,-1.1960524,2.1553948,6.2546988
-0.1463533,0.27863267,2.3340187,0.47248232,-0.43525073,0.0397544,1.025931,-0.89642555,0.54679483,0.99079925,-1.0856231,0.1664313,-2.8139753,-2.6854393,-1.0338788,5.0536427,-1.324102,-0.07678854,-1.4224284,-1.7205673
-0.16536763,0.6580795,1.4383347,3.444414,2.8270383,0.37697083,0.63850975,0.70173305,-0.6674534,3.074293,1.9659675,-1.3676852,-0.493277,1.524468,0.2791494,0.4007486,-4.286072,-3.1155014,-4.315289,-1.3951237
2.2669163,0.7062744,4.62681,0.6305424,-1.1864572,4.28352,-1.0459465,-2.30185,-4.411535,-4.8444533,-2.1074133,-3.8417149,1.3200222,-10.894628,1.2477387,6.6493163,-3.429213,-0.8289595,-10.953125,1.1211418
0.4554423,0.99830395,-0.3829427,-2.6484494,-2.6519706,-0.8832839,4.205857,-0.06010137,-0.15656748,1.1856296,1.0767967,-6.416871,-0.91290414,-2.0168068,7.0127945,-0.94986534,-4.6874957,-5.5141406,4.1278477,-4.064734
-2.3357723,-0.17251456,0.3880266,2.6701288,-0.10204934,-3.3212419,5.1623926,0.9932697,-1.6061069,-5.6906166,-3.689553,-6.201809,3.1128464,-6.1185555,-7.7754645,-1.0195588,-18.149937,-5.6951313,-10.135429,-15.395308
-0.9220669,-0.2968189,1.9478167,1.0058268,-0.1821351,-2.352048,0.7668202,-0.52793,-1.7211654,3.031225,1.1198151,-1.3784057,-0.28954422,-0.3206568,5.265755,0.8413622,2.8757968,-1.5930518,1.2188777,-2.2821593
-1.2375969,-0.3084958,0.78294295,-0.5595265,0.9437522,-0.5722001,-2.1866915,-1.8383725,2.8451836,2.96983,-0.89736915,1.2762591,-1.166923,-2.1450062,0.24296267,0.7694261,-1.867444,6.5506954,-1.1208086,-1.3726652
-0.45711192,1.0431927,0.35500747,3.5360105,0.42837003,-2.8177083,-0.5762923,0.38252154,-2.1451452,4.778575,0.66006297,1.4147767,1.039401,-0.96349305,-0.49021977,1.5308349,-2.8653448,-0.8395707,0.14430965,4.972168
0.7507157,-1.2556382,-2.1454964,-0.634975,0.3259439,-2.8943682,0.022601597,-1.3549106,-6.567588,0.64105684,-3.3088238,-8.473859,-4.021695,-0.6091861,-2.1260405,-4.4353642,-4.310748,9.323777,-3.7122047,-0.9314679
0.1624022,-0.60682285,-0.7912875,-0.76079977,1.855052,-0.57145983,0.59822804,1.192201,1.336757,0.5420925,-1.1559764,4.2096376,-1.4187032,0.64543116,1.1420592,-1.4394275,-0.5239001,0.38702595,-2.8184204,1.9095522
-2.7003407,-0.06855839,1.1276516,0.05755672,-2.8615885,0.313356,-0.30866113,-1.3842105,3.9589417,-2.7279384,-2.9305892,5.8930793,2.1751523,2.283133,8.056543,-0.8467035,-4.4923725,-3.7420077,1.8959364,-8.315421
0.3632408,0.076736175,0.5532373,-1.1456767,-1.2202183,1.0853201,1.868533,-0.0557704,-1.3050683,1.2408296,-1.1480083,-1.0768889,-3.8527129,-0.32303372,5.717228,2.6715608,-1.526082,0.69642794,-0.7711694,0.280811
-0.365665,1.168188,0.22266987,1.2659183,-1.0886846,-2.5061214,-2.1883457,-0.87315917,-1.7179189,4.477643,1.8643901,3.125823,-2.2295718,0.87770563,-1.355713,1.5620891,0.25555664,-2.1354718,0.2641399,2.2043872