0.86898166,-0.4076115,0.71395504,-0.5016339,-0.89081144,1.7092841,-0.49841896,0.79460984,-0.6752231,-0.650011,0.7675224,-3.232454,0.34564763,-0.54818684,0.77098924,-0.74246234,-0.5733093,-0.63315517,-1.8577427,3.3518455
1.7467192,-1.4267876,-4.8799295,-5.746307,-7.442346,-0.68544126,-0.46050245,4.2703977,5.144659,-1.1936553,2.7091725,-6.2926283,0.15914606,-2.19135,-1.207213,-4.0241275,-3.4905784,-11.378705,-0.7361893,-5.130546
-3.4337633,-2.518878,-0.832854,-0.49789968,0.861037,1.1111947,0.4239558,-1.3773743,-3.9813063,-3.6884367,-2.3700936,-6.5036902,-3.0797782,-5.4334865,-4.9958005,-4.550298,-13.132718,-4.555577,-9.401147,-7.9059076
0.60412616,3.6543138,-0.48014402,-2.977634,-3.2273118,-2.923414,-1.5437721,-2.2152689,1.6670449,-6.8637824,-4.5201287,5.134652,2.4029589,-1.9878625,-6.608476,-5.0115805,7.01788,1.2966852,-0.037971873,-0.6138262
-1.3496141,-1.5362355,1.0329689,4.8316293,-0.058959555,-1.7058086,2.301137,-0.7356015,4.2786937,-0.46974918,1.2993761,0.8642487,2.2182362,-0.5324794,-2.681819,0.65417415,5.44172,-0.8510716,1.3007864,1.5063144
0.06503585,-0.8148125,1.9440333,1.1160301,1.5818435,-0.06553258,0.14498895,-1.0484678,-0.26125556,-0.26324695,-1.766295,-1.5179052,-2.8862674,-1.4262425,2.90872,1.0163403,-7.4483433,-0.29475,-6.2089963,-8.052698
-1.7057621,-0.4769434,1.3979548,0.1651282,0.07265164,7.431846,-2.8831694,-0.4641988,-3.7357216,-2.1262987,0.13546091,-3.3362324,-3.038934,3.0067468,1.3926641,-2.0437996,-7.895653,-1.4341804,-6.2936606,-7.285393
-1.2404096,0.003634425,-0.19702153,-0.25139397,0.47734043,0.080981925,0.92925936,-0.78265727,2.9378943,2.3067415,0.34008774,-1.2205176,-0.8401988,-0.8191139,1.2995579,0.22971004,-3.7412708,2.5635362,-3.3088226,-1.6259605
-0.22734822,1.4450572,1.7170801,0.9707794,-0.65909016,-1.9604716,0.30689868,-0.5713056,-0.67695105,4.091185,0.574515,1.9549646,-1.1879646,0.91223747,4.78641,1.7807528,1.1099384,-0.7216642,0.335608,0.48014465
3.230661,-1.2915634,-10.616752,-10.023644,-4.4888396,-5.533944,-4.3095946,-3.195961,0.19245175,-1.4301939,-3.6799262,1.6527702,-0.6523261,5.5771003,-3.1422298,4.8457103,-2.1469023,-3.2418463,2.9685273,3.2883284
0.24871017,0.7430564,2.061173,1.5189099,0.35623822,-0.9015708,0.29441902,-0.21366392,-1.7635262,0.104050644,0.5920662,-1.7246507,-2.78387,1.5899088,-0.5784312,5.0504985,-1.3206865,1.2536634,0.7634735,-2.2578914
-2.5128474,-0.7430899,3.7457366,0.87443364,-4.808332,-5.2724423,-4.3832946,1.4351138,-5.0774994,2.511936,1.9903831,0.35544023,-0.13572262,-5.163791,-6.0623684,-1.1885605,0.1592557,-1.5856295,3.4681895,-3.0343077
-1.8698297,0.5455331,-0.8448087,-0.57178134,1.071727,1.901392,-0.4392564,0.521273,-0.269856,-5.765166,-0.31691006,-7.064242,-3.2481718,-5.13386,-1.7006693,-3.1646407,-5.01996,0.64895356,-7.9557886,-8.558215
-0.20474294,-0.07068622,-1.4776682,-4.331329,-5.8695436,-4.757545,0.56226104,-2.1866057,-4.164102,2.665753,5.408322,-1.2246823,1.3571584,-2.5887039,-4.3325577,-2.4122255,-6.037327,-5.242535,-6.2510376,-4.416867
-0.46151555,1.116247,-1.3852884,-0.15294844,0.9388165,1.6333483,-9.0020796e-05,-2.0908496,-6.8082237,2.7057588,-2.61207,-7.463048,-4.6605024,7.7331133,3.0271404,-0.9981373,-3.8513505,-1.5341039,2.549456,-4.995477
-0.66776204,-0.07066104,-0.17969847,1.3104308,-0.008928089,-1.4017552,4.842258,-1.2308922,-2.3553796,2.515607,-0.5242961,-2.5886955,-1.717535,-0.434688,0.23682395,1.6852789,-2.0877082,0.48131877,-1.297073,-1.5794214
-3.4936712,0.10519307,-0.9402256,0.5725148,5.0850816,-2.5862987,-0.5818376,-1.9026448,0.33506152,2.174998,-1.0913773,-2.2764733,3.78292,3.2663672,-3.0256402,-1.4184827,-8.322747,-3.9659386,-10.525178,-3.6119056
-1.5725136,-0.5370529,0.33174503,0.79418623,3.247303,0.9155942,-0.92863864,-0.9184175,-2.3062055,-3.161022,-1.803605,-2.6143558,0.46591717,-2.6203468,-0.5713515,-0.85612065,-4.0395713,-0.9460264,-3.4653568,-0.86406803
-0.9131105,0.15567327,1.7280586,0.09225839,3.9908586,0.041520428,1.6606088,-0.5127543,-2.3347628,-0.20964424,-0.69672906,-2.4709632,-3.5452902,5.272271,5.272457,-1.3907597,-0.68894774,-1.1728091,0.30628785,-4.503364
-0.34342912,0.15930377,1.6495006,0.80410314,-0.65923095,-1.4891145,-1.0067602,0.012879794,-0.016035452,4.2297363,-0.25504464,-2.1834424,-0.09295154,-0.2706954,2.3591163,1.8010088,-0.49994493,-0.5897007,-1.6533139,-3.698286
-0.32319045,-0.4578734,-0.9158791,2.7835898,2.2340596,-0.023737289,-0.6706489,-0.62358844,-4.747434,-2.1081238,-2.7801342,-1.527913,-4.3875623,-4.1506104,-3.7766137,-3.1054773,-13.573504,-2.5236728,-8.6697,-8.281792
0.23460601,-0.17151317,0.07143037,0.014999083,-1.9116322,3.4257264,-0.08450115,-1.1853309,-1.2240218,-2.4681091,-0.36714926,-2.2446842,-1.1134952,-3.4672508,-2.9796677,-0.96715754,-4.7911315,-2.5153406,8.642054,-4.235449
-1.1543493,0.5369357,0.5116233,1.8059027,1.4577317,0.021896165,-1.2692602,0.015146031,-4.4098454,1.1901872,6.5302067,-0.39217842,-1.9431143,-0.15900552,0.27132452,2.1434524,-6.1625853,-3.5839443,6.4909463,-1.0758665
0.43918243,-0.14299646,1.5579467,-4.044399,4.3322635,-1.0030642,0.15803581,0.8508692,-3.6575272,-2.2629526,4.0017242,2.7001147,-0.5850329,-5.5451403,-0.88996553,-5.867531,1.4654956,-4.5315666,-3.814286,2.3478057
-1.8757452,0.24222787,1.2454855,2.1360908,0.318736,1.7773284,-1.7571927,-1.8882828,3.1298237,-0.13717198,-1.3914508,-1.2886776,1.5034423,-1.264432,0.7830985,-0.72641104,-12.539245,-4.0142016,-10.061101,-5.602824
0.071437545,-1.4436326,3.931607,-2.2100935,3.8237357,-1.0277897,-0.15456276,0.038252864,-0.048296124,-0.66098183,1.2987089,-0.22695012,1.7161926,-2.5947857,-2.4755056,0.8075726,-8.369448,-0.70384073,-6.063493,4.475364
-0.8635599,-0.6378371,0.82036084,-0.73702306,-1.9865372,-0.30681282,1.155939,-2.0888782,-1.291691,0.30313548,-0.48055395,-1.7613806,-0.69335645,1.1411237,4.414615,0.9932474,-3.796249,1.0142376,-1.627234,-3.8436904
0.33996096,-0.38837916,0.23423934,1.5779892,1.309913,-0.15067075,0.30252543,0.018845541,-1.7721581,2.0425868,1.4174386,1.0318087,-1.5247445,1.6624326,2.8421104,1.2126333,0.46693465,-1.4581352,0.69669056,-1.5255017
-0.024069158,0.29542327,-1.3540912,-1.8882108,-3.4065895,-4.3515368,1.797651,3.3468516,-3.2014544,-1.7865866,-5.512728,-8.622282,2.5814764,-2.7117028,2.5996332,-4.0913777,-0.27632037,-3.4119537,-6.1208124,-4.524104
-8.111461,-7.7582564,-14.080244,-7.2141037,-15.183867,-15.144745,-7.6439667,-8.484296,-8.204808,-5.7644453,-4.0025287,-4.396746,-0.44968843,-3.622261,-2.5859988,-3.7663252,-5.0612264,-3.1643505,-6.304789,-10.542422
-2.5424147,0.60623366,-0.55330575,0.7807809,0.12009792,0.96128345,-0.23512746,0.7945559,-3.0257344,-2.6678944,-1.9017174,-7.9629908,-3.1553047,-3.1711528,-4.976226,-3.7229474,-11.496667,3.0829804,-7.756303,-7.782771
-0.8388381,0.23822549,1.6850412,0.49850377,1.4903432,-2.128172,-1.6240431,-0.06888816,-0.84057784,0.0772761,0.82729733,-0.50053316,-1.1695175,-0.77989966,1.1268002,-1.9992568,-7.443284,-0.85837483,-0.5074134,-6.2959995
-2.663995,1.099197,1.45049,-1.4915982,-1.022135,0.97347915,-0.43224952,-1.5710919,-6.0747,-5.950238,-5.6802564,-5.7157307,-4.7082205,-8.801899,0.01998877,-2.7873921,-13.747297,-5.5134926,-16.923637,-14.598806
-1.9319003,-0.5751439,-0.7604985,0.9900186,0.41295034,-0.9895253,-0.28726497,0.3784919,-2.0173805,-0.3830411,-3.3491642,-4.67095,5.7174363,-4.19798,-3.083281,0.22514127,-5.72165,-4.4612436,-3.2918735,-5.9829698
-0.55285484,1.003778,1.4606459,-0.869219,-1.7457787,-4.884471,0.86070627,-1.1379031,-1.2710356,4.37285,-2.6737268,6.5478916,2.500352,-4.0683565,-3.2577946,4.6090455,0.97773325,-0.6338676,-1.5040468,-0.8411073
-0.78743464,0.36125454,1.5029082,0.9659648,-4.128456,6.47762,-3.7094676,-2.6836786,-2.1051188,2.8350337,1.2878368,1.4963794,1.4815805,-2.6287448,-3.907675,-5.2397184,-7.1208053,-4.1533656,-8.935465,-1.7794508
-0.61146605,0.9666695,1.3698205,1.1519376,-4.265317,-0.8351023,-1.8460503,-0.9585209,-7.275226,4.3517785,0.5089363,-8.060677,-5.5509505,-0.876712,0.29423052,0.87725395,1.8780376,-2.3721678,1.830837,5.969793
-0.15041068,0.27804005,2.3274705,0.530619,-0.44613162,0.022277819,1.0243396,-0.8983946,0.55268115,1.0804185,-1.1222997,0.1126217,-3.1627965,-2.6388607,-1.1756458,5.6914086,-1.334197,-0.1948531,-1.4844087,-1.9988744
-0.16593605,0.6556604,1.4347551,3.4340944,3.0019433,0.32969773,0.3826946,0.68764263,-0.73380524,2.5682545,2.3827453,-1.4642732,-0.6205969,1.347599,0.18903187,0.27103224,-4.8249497,-3.2427688,-4.8431177,-1.7800773
2.2810435,0.4845444,5.093924,0.70592403,-1.2992063,3.4901347,-1.680985,-2.3194542,-4.8828034,-4.771755,-1.7238274,-1.7854123,2.6157234,-8.250667,0.5871787,6.665979,-3.2882142,-0.61813253,-11.260666,1.05453
0.4686335,1.3289635,-0.4344987,-3.361201,-3.7052193,-3.2265992,5.251379,-0.9484145,-0.7843514,0.56801105,1.638563,-7.3013787,-1.3790544,-4.3742375,7.423967,-1.028239,-5.205807,-4.1756268,2.976678,-4.5928345
-2.3125877,-0.12351763,0.33657974,2.7561574,-0.44946384,-3.750175,5.457428,0.5507217,-0.018308112,-6.0654817,-3.9358428,-5.874736,3.0195413,-6.3239393,-8.140294,-0.9187062,-17.922806,-6.2895937,-10.82971,-15.552306
-0.92239195,-0.29767427,1.9506106,1.0021528,-0.19349387,-2.3614511,0.7228548,-0.52926433,-1.6996278,3.0523705,1.1100631,-1.4077016,-0.25246593,-0.35519797,4.0853295,0.793145,5.0186787,-1.603683,1.0414078,-2.340766
-1.2386708,-0.31578383,0.7870158,-0.5610894,0.9696572,-0.5829839,-2.1218674,-1.8498702,2.9487257,2.965108,-0.94623274,2.487864,-1.232588,-2.1770828,0.19798225,0.8188733,-2.8319397,7.160397,-2.8174438,-1.5349951
-0.4604898,1.0114408,0.32657644,3.7090414,0.1799812,-2.856637,-0.8185704,0.38877633,-2.206285,4.598348,0.63598865,1.2205267,3.415617,-1.1874431,-0.69708586,1.3488841,-2.1371157,-0.87367564,-0.62290704,5.971132
0.7549531,-1.260811,-2.1974082,-0.51647633,0.83075964,-2.951682,-0.3322181,-1.3550476,-6.710288,0.80099106,-4.1926327,-8.496393,-4.1232753,-0.2816805,-0.39488313,-4.914015,-4.2308164,9.089826,-3.2352889,-0.97868615
0.16163403,-0.6080495,-1.044371,-0.70301425,2.371897,-0.5710334,0.54024124,1.1990709,1.3354074,0.52347773,-1.1740558,4.2219944,-1.4527671,0.63244253,1.1071482,-1.4598973,-0.63866806,0.34924236,-3.006261,2.2129438
-2.9439933,-0.13967763,1.1274642,0.04932362,-3.3408673,-0.10153777,-0.9904427,-1.2600019,4.2109046,-3.0065236,-3.222384,6.882458,2.1674397,3.3460097,8.420136,-0.92131805,-3.8508334,-3.849625,1.1680464,-8.527153
0.3639136,0.07617,0.55375683,-1.1774615,-1.2073677,1.1172414,1.8855659,-0.057185415,-1.3027276,1.2243716,-1.1198155,-1.1009284,-3.8576021,-0.29679915,5.722479,2.8449235,-1.4950258,0.6665641,-0.8568603,-0.012548353
-0.36614233,1.1691581,0.22190575,1.3581772,-1.1250437,-2.5191557,-2.3027492,-0.8763866,-1.7113988,4.482588,2.002889,3.0842602,-2.3690977,0.8722484,-1.377265,1.5603158,0.3508449,-2.155761,0.25240332,2.2044144