0.8676162,-0.412832,0.72752196,-0.5054037,-0.91177064,1.559505,-0.56615615,0.7981299,-0.6763814,-0.68776363,0.7603668,-3.2734156,0.26815286,-0.5603565,0.7546929,-0.80857337,-2.0774662,-0.6214214,-1.9131905,3.7277386
2.1895301,-1.918349,-6.124385,-6.211348,-7.7280726,-1.1666216,-0.7011594,4.78858,5.8646717,-1.3468246,2.9643373,-6.5661306,-0.44658533,-3.051223,-1.254983,-4.6457896,-3.3196971,-11.723388,-0.8071942,-5.543935
-3.4342635,-2.5187693,-0.8331416,-0.4972839,0.86094785,1.1112715,0.4234818,-1.3788229,-3.97509,-3.72769,-2.3629858,-6.5276327,-3.0814404,-5.4518,-5.0865173,-4.5569525,-13.175835,-4.482907,-9.412436,-7.9053087
0.7438557,3.5505936,-0.5498151,-4.0285287,-3.880837,-3.71291,0.08835534,-2.0981178,1.753873,-7.302586,-4.661743,4.8740854,1.6217337,-2.6032255,-6.4211187,-5.1343083,7.70633,2.6560807,0.00871836,-1.3183229
-1.433674,-1.7136027,-0.06956664,6.791251,-0.43949798,-1.969853,2.1552534,-1.0752182,4.5836663,-0.9213964,-0.21054947,0.029832572,0.7291389,-1.0237416,-2.7644646,0.36911237,6.5750933,-1.1994283,1.5221982,1.1333842
0.07236906,-0.7882363,1.9222878,1.1153849,1.5814642,-0.07315745,0.2236902,-1.0765864,0.1265157,-0.26184222,-1.8264722,-1.6425534,-3.1085105,-1.4701601,2.8556757,0.7988689,-7.4153767,-0.2863862,-6.2217855,-8.140183
-1.7136874,-0.48316312,1.3889081,0.16475196,-0.005182547,7.944539,-3.221831,-0.16901952,-4.3248644,-2.219701,-1.4912149,-3.7252035,-3.206324,2.9615872,1.5912952,-2.1276414,-8.370934,-1.4244553,-8.119533,-7.36374
-1.2408243,0.0037252812,-0.19675675,-0.2520336,0.48279905,0.0810686,0.91612196,-0.78367555,2.9387333,2.3316486,0.34651384,-1.2410902,-0.89119846,-0.8569473,1.3273101,0.20570613,-3.766714,2.626984,-3.3110561,-1.6079038
-0.22731797,1.4434572,1.7128528,0.96302754,-0.6634774,-1.9673502,0.6039867,-0.57362264,-0.68400747,4.147018,0.5867172,1.949896,-1.2417457,0.8975038,4.919603,1.767894,1.173762,-0.70023066,0.33219475,0.34973994
3.2593203,-1.3666365,-11.236811,-10.32883,-4.5107675,-6.2588325,-4.486458,-3.5141232,0.44437432,-1.327523,-3.8767657,1.6000677,-1.2697152,5.589651,-3.4112225,4.8915772,-1.8946555,-2.4210896,3.1051078,3.480993
0.2481716,0.7425184,2.0697055,1.5150629,0.34774417,-0.88271314,0.25439498,-0.2160489,-1.7630392,0.10009217,0.66341704,-1.7603354,-2.8642576,1.6018695,-0.69477266,5.0580325,-1.3859316,1.2827811,0.75764906,-2.207207
-2.8263915,-0.966519,3.970889,1.8659043,-5.0500436,-5.825614,-5.6650305,2.2895381,-5.597733,2.6598928,1.8259734,0.035654165,-1.2490617,-5.5131335,-6.2025385,-1.1439053,-0.0930637,-1.7508135,4.0804067,-3.2090318
-1.8727863,0.52461594,-0.85310084,-0.5709501,1.0820044,1.968366,-0.45319444,0.50272906,-0.25935867,-5.8652368,-0.28953183,-7.21699,-3.426379,-5.4913216,-1.7936964,-3.1946003,-5.0232205,0.81352663,-7.95891,-8.590137
-0.09921951,-0.22359349,-1.5228921,-5.286048,-5.8754077,-4.460616,0.099966235,-2.3811727,-4.2053576,2.880309,5.533768,-1.3057797,2.587543,-2.6757894,-4.9226418,-2.6916387,-6.1924744,-5.3093753,-6.2900753,-5.072391
-0.46751884,1.1442457,-1.4075633,-0.15305498,0.9375711,1.6296127,-0.4433096,-2.1173797,-7.18537,3.090661,-2.6869354,-7.833399,-4.0575557,7.370439,3.2219303,-1.0780884,-3.876941,0.3835518,2.863721,-5.0145683
-0.6678165,-0.07184925,-0.18337536,1.7705842,-0.01985638,-1.3923407,4.419404,-1.2458007,-2.3568785,2.5205786,-0.5180171,-2.6062524,-1.8650823,-0.4495916,0.2095851,1.6521511,-1.9841577,0.49525094,-1.2972661,-1.6166831
-3.6084137,0.15021464,-0.85572624,0.7691232,4.4303327,-2.7277253,-1.3789619,-2.164191,0.5060833,2.1975846,-1.0407743,-2.8825765,4.092914,5.2325263,-3.218851,-1.4342238,-8.444496,-4.120605,-10.563494,-4.0255294
-1.5727476,-0.5365998,0.33120674,0.7964873,3.2467318,0.91521984,-0.93132746,-0.920497,-2.3605049,-3.1965833,-1.7746923,-2.6631444,0.37737495,-2.6744215,-0.5749734,-0.97019154,-4.290988,-0.9239989,-3.465672,-0.8508452
-0.9141417,0.1466198,1.7233882,0.2017247,4.4350386,0.00490716,1.0379217,-0.5199117,-2.3200293,-0.21839322,-0.6480086,-2.5224276,-3.5514674,4.9394217,5.9853096,-2.1403267,-0.35541093,-1.0882536,0.31394672,-4.719875
-0.34422746,0.15432507,1.7638206,0.7852091,-0.6689765,-1.9967648,-1.0060854,0.011435181,-0.008565957,4.342593,-0.2678512,-2.224703,-0.16594945,-0.3007015,2.4910703,1.6795568,-0.43018344,-0.5802918,-1.658324,-3.765688
-0.30665842,-0.4558117,-0.9397505,2.8798678,2.2216113,-0.04888823,-1.1558869,-0.66169167,-4.970436,-2.2392612,-2.9159079,-1.5972966,-4.836269,-4.242025,-5.059193,-3.5699098,-13.885239,-2.5335724,-8.775652,-8.297845
0.25714275,-0.18654387,0.030359458,0.073080905,-1.9227958,3.5817313,-0.21864523,-1.2159387,-1.2844559,-2.5299842,-0.514479,-2.3183088,-1.3340222,-3.563167,-3.1594758,-0.932006,-4.813553,-2.342201,8.674236,-3.5697844
-1.1605098,0.54596335,0.5083799,1.8027229,1.4512849,0.0036275575,-1.2985007,-0.006713583,-4.4642878,1.5201082,6.8430314,-0.49988428,-2.3155186,-0.3407388,0.29654905,1.9241704,-6.218504,-3.216737,6.5853686,-1.0954683
0.36302173,-0.5194152,0.7951515,-4.200575,5.7754993,-1.1489449,1.2651356,0.9494589,-4.059332,-2.6982064,3.9279454,2.7482803,-2.7034175,-5.7670965,-0.4066172,-6.065193,1.9428093,-4.6619244,-3.9207718,3.0564077
-1.8793696,0.24185836,1.2417471,2.1328578,0.31020334,1.8234972,-1.4831625,-1.8959421,2.9957318,-0.14189412,-1.3729725,-1.3510901,2.566477,-1.5010442,0.6606197,-0.885066,-12.602665,-3.8120155,-10.077967,-5.572775
0.08311624,-1.4870098,4.1501307,-2.5015516,4.5675583,-1.3148475,0.50945705,-0.028717026,0.013656303,-0.7785153,1.5838223,-0.80089533,1.8214862,-3.4498658,-2.647325,0.099478595,-9.337109,-0.7937667,-6.2413435,4.432537
-0.86363566,-0.63929737,0.84446317,-0.757305,-1.9933125,-0.349276,1.2854679,-2.0964253,-1.2900233,0.30007607,-0.44623947,-1.7770702,-0.91922534,1.1368471,4.5124607,0.97081864,-3.6937697,1.0548167,-1.6313639,-3.8254764
0.3400394,-0.39018214,0.23709114,1.5964078,1.3045996,-0.17244045,0.25988662,0.017001823,-1.7677023,2.037488,1.4954089,1.025994,-1.5881828,1.6683891,2.9065232,1.1268325,0.58891475,-1.4556034,0.69602793,-1.5306033
-0.062057503,0.21824652,-1.7361897,-1.891455,-3.5369341,-4.553728,1.6882615,4.2207575,-3.3841844,-1.1008458,-5.9285717,-9.709095,1.2666893,-2.5524633,3.2416875,-4.9057097,0.97322184,-3.4626565,-6.255454,-5.9389443
-8.139556,-7.849625,-14.616302,-7.6200705,-15.354564,-15.400281,-6.7092943,-8.460993,-8.250427,-5.8033285,-3.9729662,-4.4334893,-0.45456555,-3.6366813,-2.589043,-3.768733,-5.041028,-3.165431,-6.304741,-10.532547
-2.552685,0.6696184,-0.5726154,0.7843232,0.09190505,0.9516115,-0.370648,0.7632695,-3.8317792,-2.7545488,-1.9726989,-8.267842,-3.7190304,-3.394091,-5.729422,-3.9235907,-11.750124,4.5350704,-7.6264706,-7.822562
-0.8398802,0.22144343,1.6844327,0.4983995,1.4878811,-2.1198506,0.3077129,-0.07612965,-0.8465364,0.055397768,0.85157007,-0.5193562,-1.2436135,-0.832122,1.130027,-2.0796106,-7.46327,-0.5335072,-0.50912297,-6.3064013
-2.7665987,1.2707992,1.4251521,-1.4387469,-1.0596159,1.0278403,-0.71869564,-1.7428257,-7.2853546,-6.476857,-5.9261656,-6.7310853,-6.446617,-9.982238,-0.9948728,-4.5423,-13.806683,-6.4628315,-17.031433,-14.719991
-1.9350814,-0.57766956,-0.76339567,1.0017163,0.40620998,-0.9875585,-0.2691813,0.34134668,-2.1135747,-0.56223255,-3.8111076,-4.8064957,5.6945543,-4.5498652,-3.1817667,0.30740726,-5.847017,-2.659912,-3.3923817,-6.047823
-0.55409276,1.055781,1.2942774,-1.7319497,-2.2003458,-4.9009204,0.98971653,-1.2558072,-1.3978521,4.601345,-2.762469,6.3862743,3.5326557,-4.2809353,-3.4053712,4.893264,1.3402965,-0.5528576,-1.5690722,-0.361111
-0.763132,0.45177624,1.3945607,0.9150411,-4.0787897,7.417901,-3.3160758,-2.7728226,-2.5797343,2.8805525,1.3992616,0.8005331,1.1491246,-2.8653278,-4.4846225,-5.3822727,-7.361756,-4.17589,-9.01626,-2.8495343
-0.6202508,0.7762429,1.4093562,3.4455347,-4.268585,-1.1195694,0.34514594,-1.0526162,-7.5612507,3.7244632,0.3362257,-8.41886,-6.704545,-1.1764092,-0.40917355,0.20317638,1.4260236,-2.9455113,2.3529189,7.0532756
-0.15468478,0.27616474,2.3552694,0.49035868,-0.4647999,0.02217835,1.1265712,-0.91008663,0.51744723,1.0941795,-1.1548572,-0.25419417,-3.4948335,-2.646347,-1.1952782,6.241468,-1.3244401,-0.16597524,-1.553396,-2.0748153
-0.16784884,0.65192366,1.4280832,3.7567964,2.733563,0.2013846,0.44142017,0.6764093,-0.83671564,2.1582706,2.27208,-1.4881778,-1.041738,0.2349723,-0.25372288,0.13927333,-4.9140477,-3.2104356,-4.8625154,-1.8235208
2.3787794,0.34551552,5.369985,0.5293286,-1.50765,3.7658155,-2.3561857,-2.508037,-5.3141537,-4.875961,-2.0449,-2.3184247,2.4334216,-8.373469,0.30628037,6.9271455,-3.4183939,0.24500363,-11.322171,1.0627177
0.5624735,1.5578231,-1.1613601,-4.1917853,-3.8706665,-4.018834,5.735621,-1.7207365,-0.67215633,-0.57305765,0.16335315,-8.01342,-2.5222292,-4.4464073,7.3318043,-0.9603055,-6.4928637,-3.3498268,4.309091,-3.6583428
-2.3412516,-0.33980766,0.20804885,3.1716592,-0.54583204,-3.5606167,5.743656,1.5178751,0.07060627,-6.1816883,-4.1810565,-6.8579993,3.4152021,-7.097602,-8.281378,-1.2635082,-18.051086,-6.001915,-10.892351,-15.6054125
-0.92319506,-0.29848188,1.9523602,0.9982384,-0.23048939,-2.3836942,0.7582534,-0.53120327,-1.670696,3.1725655,1.1308057,-1.4452133,-0.49774444,-0.3813964,4.1694045,0.7601293,5.744593,-1.6039847,1.037991,-2.3872616
-1.2420377,-0.3252945,0.78895944,-0.5619284,0.9917273,-0.5929007,-2.0593998,-1.8354254,2.7213385,2.9754202,-0.9429464,5.0489707,-1.3653237,-2.2186568,0.1329077,0.7341446,-3.5266585,5.6873055,-1.9898174,-1.5694894
-0.45563978,0.9869497,0.3017941,4.1693325,0.25787297,-2.870109,1.5913671,0.39025328,-2.3504205,4.280248,0.3814928,1.1940604,1.5462899,-1.2573745,-0.698279,1.2827901,-2.3020349,-0.8862819,-0.73801947,4.734069
0.81823707,-1.3562095,-2.246762,-0.73278874,1.258975,-3.1639574,0.18425186,-1.5071148,-6.8838434,0.41374367,-4.6019897,-8.558484,-5.47054,-0.41164097,-0.42051193,-5.1807537,-4.1457496,10.025115,-2.7299035,-0.75902367
0.15800261,-0.6104333,-1.1006154,-0.72148705,2.4425933,-0.5698713,0.36964837,1.2269408,1.3189306,0.4871395,-1.2058946,4.3460054,-1.673936,0.5980167,1.2469931,-1.4979093,-0.8930257,0.36172298,-3.0999718,3.4714336
-2.9901173,-0.3802472,1.3847404,-0.0031491693,-4.0011177,0.16663244,-1.2116687,-1.3185242,4.52017,-3.172517,-3.1505167,7.0555534,2.0039775,3.9393868,8.290791,-0.6137631,-4.1943393,-3.937321,1.0524262,-8.837372
0.36352366,0.0763218,0.5546504,-1.1750448,-1.2065681,1.1156942,1.8553643,-0.059282903,-1.2996523,1.2176708,-1.0939156,-1.1252638,-3.9499624,-0.32204607,5.7796035,2.9690678,-1.4158803,0.68632317,-0.8636213,0.04662576
-0.36783403,1.1801264,0.20987591,1.116388,-0.6192974,-2.5371084,-2.5318465,-0.88148844,-1.6972646,4.495982,2.066059,3.0996747,-2.5651636,0.8459523,-1.4088906,1.3998139,0.69015753,-2.1507862,0.24726723,2.1319964