0.8675013,-0.41217452,0.72769177,-0.50584406,-0.9134541,1.5255967,-0.5489147,0.7978473,-0.6762916,-0.6848432,0.77641636,-3.2704134,0.26414716,-0.55926895,0.753334,-0.79435414,-2.0457904,-0.6203456,-1.9117808,3.715717
2.1584144,-1.8684174,-6.011088,-6.172775,-7.6960754,-1.1928403,-0.6204103,4.7090735,5.8037214,-1.3433244,2.9399412,-6.547512,-0.4149404,-2.946018,-1.2608143,-4.5743637,-3.266963,-11.717229,-0.8112798,-5.484405
-3.4341629,-2.5187783,-0.83310574,-0.49738568,0.86093855,1.111243,0.42360252,-1.3786582,-3.9752176,-3.7248518,-2.3613973,-6.525317,-3.0820374,-5.4444,-5.0808663,-4.556264,-13.177196,-4.480678,-9.411463,-7.9052286
0.8252369,4.0388083,-1.1171738,-3.9133685,-3.7824702,-3.6709445,-0.48201925,-2.0282776,1.6412092,-7.2929125,-4.5808644,4.869274,1.9140792,-2.4863691,-6.399018,-5.118895,7.6074944,2.5719085,0.011807643,-1.2912284
-1.42478,-1.6800672,0.15753557,6.6241283,-0.22828707,-2.0128682,1.7968198,-1.0354087,4.4902496,-0.8679837,-0.24200141,0.060044095,1.2089077,-0.8789961,-2.7504728,0.38110402,6.5290465,-1.18469,1.527218,1.1114218
0.071514,-0.78734106,1.9228281,1.1154165,1.581865,-0.07764191,0.20716992,-1.0683053,-0.027408525,-0.26068738,-1.8145167,-1.6382002,-3.0626054,-1.4605728,2.849695,0.83435863,-7.423051,-0.28333625,-6.220877,-8.129034
-1.7120754,-0.4827002,1.3890525,0.16469873,0.010991615,7.846752,-3.105666,-0.18851383,-4.336321,-2.2114184,-1.2455485,-3.7101367,-3.1794336,2.9910004,1.5609119,-2.1216283,-8.344809,-1.4194304,-8.114333,-7.357588
-1.2407489,0.0037963793,-0.19690292,-0.25200742,0.48242736,0.07895741,0.9197161,-0.78352433,2.9376326,2.3316607,0.34643105,-1.2401457,-0.882857,-0.85361046,1.3254197,0.20767447,-3.765677,2.6264439,-3.3109,-1.6080127
-0.2273069,1.4435071,1.7139459,0.9636523,-0.6639027,-1.9832301,0.6045242,-0.57341903,-0.6832831,4.1343346,0.5874657,1.9499688,-1.2367668,0.8990747,4.901587,1.7697432,1.1729432,-0.70001054,0.33287978,0.34939718
3.2597117,-1.3954396,-11.127775,-10.308954,-4.479883,-6.205113,-4.573989,-3.4651923,0.40042222,-1.3265637,-3.8496885,1.6085284,-1.2012371,5.6090655,-3.4039712,4.874498,-1.889124,-2.496279,3.0962746,3.4616616
0.2482734,0.7426764,2.069806,1.5154943,0.35005224,-0.91491365,0.26607314,-0.2157081,-1.763513,0.10032828,0.66173744,-1.7575563,-2.8615508,1.6023787,-0.69446135,5.0548573,-1.3886597,1.2841723,0.757307,-2.2061765
-2.7703192,-0.8249404,3.839559,1.7560877,-4.961329,-5.7524586,-5.5328484,2.2692385,-5.5697217,2.6434824,1.7714589,0.043095123,-1.1938566,-5.451864,-6.197822,-1.1423317,-0.08763121,-1.748442,4.047345,-3.1921797
-1.872208,0.5248027,-0.85253376,-0.57059205,1.0796282,1.966152,-0.4506883,0.5035007,-0.2621641,-5.8567286,-0.283557,-7.204553,-3.4063492,-5.470567,-1.7837791,-3.1914566,-5.0226884,0.8274898,-7.9600053,-8.586533
-0.10610935,-0.17551205,-1.5109447,-5.1276493,-5.86593,-4.555439,-0.60535234,-2.3494825,-4.1957016,2.8721676,5.517368,-1.2972037,2.800254,-2.6734724,-4.644638,-2.67303,-6.1864386,-5.303222,-6.2853847,-5.0667634
-0.4658624,1.1346878,-1.403358,-0.15470332,0.9384265,1.6292567,-0.29109257,-2.1138914,-7.151273,3.0818784,-2.661234,-7.797978,-4.0240054,7.4455776,3.2157733,-1.0644474,-3.8719325,0.40757933,2.859735,-5.0071397
-0.6677914,-0.07122395,-0.1823519,1.8066354,-0.01843045,-1.4103876,4.336623,-1.2421006,-2.3568485,2.520149,-0.5178011,-2.6053946,-1.8418021,-0.44888607,0.2201378,1.6553327,-1.9837109,0.497647,-1.2978327,-1.6158377
-3.5883296,0.15272713,-0.7956696,0.9731989,4.420421,-2.8071823,-1.1073288,-2.117936,0.44017813,2.1998074,-1.0488256,-2.8565686,3.934046,4.7542057,-3.2174654,-1.4511061,-8.435121,-4.0861497,-10.560024,-4.015
-1.5727055,-0.5365585,0.33126414,0.796342,3.246661,0.91506207,-0.93100667,-0.9202964,-2.3564465,-3.192912,-1.7752649,-2.6602354,0.37745866,-2.6710558,-0.5770215,-0.95555514,-4.29056,-0.9227574,-3.4659586,-0.851487
-0.9139228,0.1481523,1.7246985,0.20579584,4.3524127,0.0059734713,1.0254004,-0.5188255,-2.3240414,-0.21732432,-0.64478976,-2.5189831,-3.515446,4.989389,5.90894,-2.1341872,-0.36559695,-1.0867249,0.313424,-4.709921
-0.34406602,0.15501754,1.7590034,0.7880275,-0.66784537,-2.0031981,-1.0019972,0.011389156,-0.0045033903,4.33098,-0.2623474,-2.2212305,-0.15253715,-0.29645476,2.476692,1.6930574,-0.4317049,-0.5794688,-1.6580482,-3.7654037
-0.30836055,-0.4532724,-0.9343678,2.8611386,2.2249053,-0.049869213,-1.0768574,-0.65136886,-4.938216,-2.2065272,-2.8816183,-1.5848875,-4.776848,-4.226331,-5.061345,-3.5016556,-13.874554,-2.5168273,-8.77315,-8.269449
0.25446215,-0.18423927,0.036630627,0.07468165,-1.933906,3.5299819,-0.20884559,-1.2116206,-1.2782592,-2.5244498,-0.4934392,-2.3098044,-1.3492365,-3.5568848,-3.1586673,-0.9271385,-4.809444,-2.3365583,8.658634,-3.531928
-1.1594658,0.544788,0.50909567,1.8026539,1.4516078,-0.011536095,-1.2769667,-0.004453696,-4.462835,1.5302998,6.800085,-0.48960868,-2.289971,-0.32140538,0.2928899,1.9422358,-6.2121334,-3.212081,6.571968,-1.0900395
0.3509354,-0.35771328,0.8766852,-4.2148585,5.6280046,-1.2591051,0.6538399,0.8852411,-4.0018888,-2.6689453,3.876313,2.7523477,-1.7116237,-5.726153,-0.37171343,-6.043535,1.9265684,-4.6461563,-3.9163349,3.035564
-1.8787409,0.24106935,1.2424072,2.1330895,0.3111333,1.7996415,-1.4456971,-1.8948381,2.9929998,-0.14092948,-1.3730812,-1.3450955,2.5501668,-1.4723526,0.6631082,-0.87209946,-12.6006,-3.8061213,-10.076402,-5.573874
0.08333489,-1.4742136,4.1199,-2.477072,4.4112434,-1.3048419,0.4397481,-0.0147373015,0.046954464,-0.7595918,1.5686287,-0.76424325,1.7528795,-3.2752438,-2.639505,0.19239566,-9.390562,-0.7625057,-6.2319303,4.3718257
-0.86355877,-0.6391356,0.8473543,-0.75008696,-1.9918483,-0.38184196,1.2362157,-2.0940466,-1.289802,0.30020356,-0.44753522,-1.7758558,-0.89172953,1.1376768,4.500616,0.97496516,-3.705889,1.054061,-1.6307368,-3.8247385
0.34004703,-0.389691,0.23960942,1.5938119,1.3046727,-0.21404925,0.26458877,0.017228462,-1.7683967,2.0383317,1.4911602,1.0261903,-1.588659,1.669532,2.8986216,1.1532037,0.5887396,-1.4551115,0.69585246,-1.5331923
-0.05737921,0.2250716,-1.6994042,-1.70642,-3.607026,-4.568066,1.7346413,3.9508655,-3.3581347,-1.049849,-5.884008,-9.669664,1.7284695,-2.5273669,3.213824,-4.831805,0.96363366,-3.4292235,-6.2494226,-5.926982
-8.13516,-7.8052483,-14.527933,-7.679333,-15.334334,-15.462579,-6.8845057,-8.448764,-8.24277,-5.8001776,-3.9763424,-4.4321756,-0.45196462,-3.6352189,-2.5888226,-3.768203,-5.0414343,-3.1652029,-6.304782,-10.532875
-2.5506198,0.6664737,-0.5704421,0.779718,0.09209787,0.9519668,-0.3315008,0.76404446,-3.8060758,-2.7431507,-1.9617836,-8.231821,-3.6876342,-3.3469458,-5.645343,-3.9027724,-11.738105,4.5393176,-7.629704,-7.819651
-0.8397168,0.22133042,1.6844056,0.49841174,1.4842738,-2.1199327,0.31796676,-0.075860076,-0.8475629,0.057383973,0.8506206,-0.51789695,-1.2368366,-0.8283285,1.1294556,-2.0736308,-7.462872,-0.5312986,-0.5106582,-6.3055754
-2.7471273,1.2887446,1.4116141,-1.4516636,-1.0604571,0.9968979,-0.6401099,-1.7178588,-7.203916,-6.3740616,-5.8602524,-6.659823,-6.2483573,-9.739032,-0.93174344,-4.2603154,-13.806447,-6.3749027,-17.03224,-14.708592
-1.9346205,-0.57790273,-0.76314604,1.001743,0.40548795,-0.9871683,-0.24716265,0.34409246,-2.1029227,-0.54674333,-3.808987,-4.794549,5.6599355,-4.520133,-3.181157,0.3084634,-5.841374,-2.6524665,-3.3936126,-6.035152
-0.5530083,1.0508227,1.3018011,-1.6544232,-2.21754,-4.913667,0.8891311,-1.2403456,-1.3893892,4.6095505,-2.7196462,6.3707776,3.5932472,-4.2469454,-3.3976996,4.848606,1.3821895,-0.5659153,-1.5632287,-0.4070827
-0.7629169,0.4555572,1.4161738,0.9300228,-4.2578588,7.0834045,-3.1407566,-2.7591596,-2.5300727,2.883041,1.4152569,0.81109524,1.0764155,-2.8112383,-4.480345,-5.367713,-7.354948,-4.167239,-9.009972,-2.8514748
-0.617293,0.8544272,1.2794204,3.0464451,-4.3845425,-1.1678277,0.76329356,-1.0406437,-7.5369186,3.692089,0.36091983,-8.399253,-6.5837183,-1.1260713,-0.31487495,0.22622614,1.4051688,-2.923234,2.3680289,6.9855766
-0.1540652,0.2767372,2.349816,0.500187,-0.46112114,0.016170207,1.0890296,-0.90483737,0.51901907,1.0897695,-1.1462612,-0.21256231,-3.4346397,-2.6451802,-1.1943848,6.16198,-1.3246422,-0.16449437,-1.5434134,-2.0676417
-0.16722003,0.6553227,1.4320292,3.9889452,2.3203084,0.2931182,0.44601795,0.6823155,-0.8185346,2.3628814,2.3655622,-1.4849782,-1.0062976,0.31029555,-0.24214262,0.15706061,-4.9060287,-3.2045887,-4.8617034,-1.7995608
2.3722394,0.36527863,5.5354776,0.53050214,-1.4535133,3.1986122,-2.2696514,-2.4819582,-5.281501,-4.861947,-2.0171168,-2.2748253,2.4700534,-8.357808,0.28969982,6.8928385,-3.4066496,0.16392754,-11.316656,1.0593466
0.5583413,1.5234327,-1.0315964,-4.096957,-3.8515792,-4.016195,5.715857,-1.6019324,-0.7581744,-0.554313,0.14996065,-7.9903865,-2.303928,-4.4407253,7.2795753,-0.96944624,-6.4889603,-3.3462946,4.272943,-3.635524
-2.3306787,-0.25796485,0.21980934,3.3068397,-0.5501999,-3.5800967,5.5671678,1.0205368,0.009963283,-6.170924,-4.151361,-6.81421,3.375306,-7.033736,-8.266249,-1.2542243,-18.047865,-5.961833,-10.890234,-15.599891
-0.923023,-0.2983053,1.9523548,0.9994017,-0.22669517,-2.4091418,0.74142027,-0.53098345,-1.6746854,3.156211,1.137094,-1.4426843,-0.4017447,-0.37882304,4.156756,0.76546675,5.4275784,-1.6036599,1.0386362,-2.3856149
-1.2417911,-0.3250258,0.78967285,-0.56187826,0.98616785,-0.6226135,-2.064104,-1.8362442,2.725517,2.971861,-0.93933576,5.042779,-1.3459376,-2.2112687,0.13197705,0.7356206,-3.4964619,5.676709,-2.00187,-1.5645366
-0.45543987,0.9904254,0.305617,4.1439986,0.2706118,-2.8719764,-0.63390046,0.3904378,-2.3081279,4.2807517,0.3852256,1.1955225,3.7951834,-1.2435598,-0.6969267,1.2887077,-2.280247,-0.8847836,-0.7206564,4.717494
0.8121126,-1.348787,-2.237504,-0.7095721,1.1789441,-3.1869745,0.112324014,-1.4827932,-6.865334,0.40687114,-4.5639076,-8.555748,-5.319062,-0.39460957,-0.41133836,-5.1580787,-4.1372805,9.942631,-2.728314,-0.7617425
0.15857904,-0.61017036,-1.0975236,-0.7200976,2.444572,-0.57116455,0.37981585,1.2242017,1.3217574,0.48931608,-1.1969136,4.330767,-1.6465895,0.6012633,1.2710268,-1.4944619,-0.855856,0.36224964,-3.097778,3.1834495
-2.9792147,-0.28658858,1.2897451,0.004170037,-3.8856492,0.052367628,-0.99417716,-1.2759398,4.389651,-3.163477,-3.1503625,7.0254235,1.9969863,3.8944151,8.248527,-0.6500683,-4.1514235,-3.9315457,1.047728,-8.831095
0.36359408,0.07631283,0.5552062,-1.1741276,-1.2071028,1.1078421,1.8586346,-0.05909528,-1.3015137,1.2182947,-1.0944158,-1.1238934,-3.942537,-0.32088485,5.773813,2.9424837,-1.4166669,0.6867606,-0.86312854,0.051480737
-0.36745262,1.1778542,0.21347532,1.1111821,-0.609086,-2.6256623,-2.4723663,-0.8807369,-1.6996083,4.499004,2.0857444,3.0943398,-2.5531251,0.84769595,-1.4054111,1.4218357,0.697488,-2.1501534,0.24818711,2.1312356