0.8672329,-0.4111999,0.72007006,-0.51105577,-0.90453464,1.6725286,-0.52616596,0.79682946,-0.6739301,-0.6781982,0.81239796,-3.2622025,0.25819644,-0.5560777,0.74142146,-0.7761146,-2.045134,-0.6150875,-1.9051706,3.6878853
2.0976999,-1.8515476,-5.5892873,-6.096696,-7.5921755,-0.79540527,-0.87585956,4.657593,5.688889,-1.3212205,2.8756366,-6.489504,-0.29780993,-2.6679482,-1.291778,-4.364981,-3.1503088,-11.707107,-0.82258874,-5.36676
-3.4339666,-2.5186734,-0.83295226,-0.49771214,0.86092615,1.1112461,0.42373025,-1.3784217,-3.9714215,-3.721226,-2.3619678,-6.520329,-3.0874324,-5.4285865,-5.079309,-4.555313,-13.181924,-4.4767675,-9.409017,-7.906894
0.77839446,3.671105,-0.6230693,-3.7633638,-3.6142755,-3.2877247,-0.62332857,-1.8822523,1.583737,-7.271002,-4.4255137,4.931252,1.9488541,-2.2942755,-6.3808017,-5.089315,7.3281593,2.345378,0.03220243,-1.270835
-1.4005394,-1.5503627,0.55751604,6.5879097,-0.67541426,-1.9539553,1.9292259,-0.91903657,4.3498125,-0.7197319,-0.32055572,0.3022157,0.7737655,-0.72386456,-2.7147655,0.46451992,6.263731,-1.1345639,1.5490658,1.0228772
0.06974618,-0.8203211,1.9490513,1.115135,1.5819952,-0.072780326,0.15974364,-1.0560111,-0.12814368,-0.2611535,-1.7959415,-1.5734783,-2.9554882,-1.4391662,2.783283,0.8915298,-7.442247,-0.27399254,-6.2183084,-8.097977
-1.7087208,-0.48705217,1.3966339,0.16379489,0.016818829,7.728055,-3.0408378,-0.25059772,-4.370454,-2.1894085,-0.4944954,-3.6634226,-3.1548967,3.015473,1.4220636,-2.1109312,-8.200307,-1.4104068,-8.073612,-7.3366013
-1.2405893,0.0036355192,-0.19692406,-0.2520015,0.4811879,0.08240233,0.9213723,-0.7832427,2.9377844,2.3318317,0.34623787,-1.2340716,-0.87339187,-0.84784937,1.316531,0.21156031,-3.7631783,2.6242783,-3.3107305,-1.6073419
-0.2273057,1.4435632,1.7156879,0.96228814,-0.6620781,-1.9669243,0.5982178,-0.57310814,-0.67317694,4.1190453,0.5884193,1.9507666,-1.2254828,0.9019803,4.8460946,1.7729468,1.1636153,-0.69927156,0.33419788,0.33596796
3.199252,-1.2041084,-10.868153,-10.270852,-4.45859,-5.9667153,-4.447355,-3.3807817,0.3650586,-1.3405508,-3.7970345,1.6324255,-1.118951,5.6321893,-3.4021997,4.828177,-1.8865683,-2.6880116,3.084912,3.3218384
0.24852496,0.74268097,2.0676315,1.5152614,0.35106486,-0.90139705,0.27149856,-0.21511368,-1.7616224,0.10092532,0.65640116,-1.7499945,-2.829692,1.6016183,-0.6959922,5.0388546,-1.3980237,1.2869585,0.75733083,-2.2363808
-2.6506474,-0.82187796,3.8521178,1.6784217,-4.896558,-5.4621186,-5.4165473,2.136537,-5.5342183,2.620283,1.6377848,0.052114114,-1.0456856,-5.3175855,-6.198108,-1.1580778,-0.11693833,-1.7387513,3.9754002,-3.1469564
-1.8710347,0.53731287,-0.8486942,-0.5724104,1.0758028,1.9313476,-0.44605783,0.50807595,-0.24114706,-5.838166,-0.2788465,-7.1584573,-3.3605917,-5.4155846,-1.7790923,-3.1832385,-5.02195,0.84110683,-7.962863,-8.580548
-0.1500124,-0.13642985,-1.4817026,-4.776597,-5.8681107,-4.5669045,0.35138044,-2.276171,-4.176041,2.8671312,5.4772654,-1.2736118,1.8670607,-2.6687648,-4.519405,-2.6408985,-6.1789074,-5.274789,-6.278235,-5.1058183
-0.46268895,1.1194363,-1.3929331,-0.16046017,0.94046813,1.6358978,-0.14235508,-2.1075099,-7.0593038,3.0705607,-2.632657,-7.7101054,-3.9643316,7.5152717,3.1585133,-1.0483671,-3.8576899,0.45738488,2.8433666,-5.000207
-0.6677667,-0.07051756,-0.18331495,1.3447884,-0.01367144,-1.3975292,4.8701673,-1.2366886,-2.3555512,2.5184603,-0.51797605,-2.6012666,-1.8756672,-0.44760466,0.23112306,1.6625216,-1.9837282,0.4987289,-1.2992752,-1.6367147
-3.5502927,0.32538012,-1.099289,1.2302561,4.8874865,-2.7169368,-0.86008966,-2.052327,0.40827277,2.2411683,-1.0787491,-2.7908633,3.393854,3.8364007,-3.2383022,-1.4728404,-8.407932,-4.030344,-10.550718,-3.986034
-1.5726218,-0.5365673,0.3313553,0.79542863,3.2469628,0.9153857,-0.9305561,-0.91992724,-2.3157003,-3.1816895,-1.7793353,-2.6511075,0.38723132,-2.6587908,-0.586338,-0.92369056,-4.2916846,-0.9201318,-3.4663272,-0.8530019
-0.91355264,0.15209027,1.7274777,0.15282826,4.186323,0.023206232,1.2810029,-0.5169965,-2.318837,-0.21502122,-0.6383712,-2.5052724,-3.46788,5.0602508,5.640582,-2.118505,-0.41843566,-1.0836536,0.3122065,-4.700968
-0.34376612,0.15617192,1.7541684,0.785215,-0.66509813,-2.0063906,-0.9985,0.011281735,0.0014620316,4.309401,-0.25498316,-2.2116406,-0.13288783,-0.28791064,2.4234207,1.7250835,-0.4406348,-0.577951,-1.6573629,-3.7737632
-0.312379,-0.45872688,-0.9297874,2.8228524,2.2320144,-0.03648654,-0.8684217,-0.6406887,-4.8743153,-2.166911,-2.8429096,-1.5595626,-4.611297,-4.112229,-5.077583,-3.4065163,-13.836889,-2.4810095,-8.764193,-8.255116
0.24787863,-0.17950922,0.049009793,0.035887487,-1.9242212,3.4698186,-0.17746606,-1.2025234,-1.2534794,-2.5135725,-0.4669937,-2.2915137,-1.3044872,-3.5443463,-3.1710975,-0.9042701,-4.820701,-2.3147938,8.61723,-3.4453826
-1.1572441,0.5418913,0.51005083,1.8016193,1.4538174,0.012967625,-1.277273,0.0006340674,-4.4379554,1.5574048,6.7005954,-0.46737412,-2.2285085,-0.29764262,0.27721316,2.0047863,-6.2062783,-3.2040224,6.543448,-1.0764285
0.395512,-0.17116465,0.95826834,-3.9411068,5.035183,-1.1135157,0.41134056,0.8708947,-3.8893263,-2.5924077,3.7357824,2.8073425,-1.4444721,-5.652329,-0.35633445,-5.9889517,1.8095713,-4.598521,-3.8978977,2.7112176
-1.8773369,0.23886916,1.2436713,2.1334112,0.3131595,1.8041817,-1.4310188,-1.8924491,3.0804565,-0.13889359,-1.3744347,-1.3274269,2.4157958,-1.4195335,0.66295874,-0.8431604,-12.59666,-3.7964149,-10.072573,-5.5763307
0.08686316,-1.444036,4.291227,-2.3938355,3.8619418,-1.5559142,-0.07249036,0.01245085,0.108865306,-0.72907555,1.5108622,-0.6660564,1.7895378,-2.8888505,-2.6512,0.40525073,-9.453952,-0.7141193,-6.184803,4.1809077
-0.86348754,-0.6387676,0.842733,-0.7465808,-1.9904059,-0.36877176,1.1868368,-2.091628,-1.288653,0.30080512,-0.45065585,-1.7716819,-0.8381081,1.1386839,4.4646764,0.9803757,-3.7477024,1.0519346,-1.6293647,-3.8279665
0.3400338,-0.38890645,0.23640718,1.5833393,1.3083134,-0.167354,0.28144607,0.017618503,-1.7684094,2.0422423,1.4818614,1.0271451,-1.5949695,1.6717952,2.8691869,1.1797076,0.57909036,-1.453692,0.6955656,-1.5424197
-0.046416774,0.24728358,-1.5689325,-1.9058962,-3.5781422,-4.502579,1.7533954,3.8371627,-3.2736065,-0.9273512,-5.784865,-9.515207,1.8723296,-2.5076845,3.0339775,-4.6556416,0.25072083,-3.3818285,-6.234655,-5.791803
-8.12443,-7.6748033,-14.335683,-7.4727497,-15.231756,-15.338884,-7.334625,-8.449145,-8.224248,-5.7927036,-3.9833663,-4.4290433,-0.45660785,-3.6331217,-2.5890825,-3.7676778,-5.047924,-3.1648536,-6.3049555,-10.527642
-2.5465908,0.6507969,-0.56269217,0.77444595,0.095517665,0.95263726,-0.30378246,0.7622173,-3.0724897,-2.7189968,-1.936067,-8.15376,-3.639433,-3.284113,-5.628902,-3.8602262,-11.70632,4.541926,-7.641119,-7.8225694
-0.8393403,0.22081627,1.6847061,0.4971077,1.4877236,-2.1239293,0.3297151,-0.07534498,-0.8377518,0.061576016,0.8479602,-0.51422894,-1.2270011,-0.8234527,1.1249787,-2.056377,-7.4633937,-0.5278095,-0.51412034,-6.3064475
-2.7002802,1.216365,1.4408828,-1.4869701,-1.0441009,0.996259,-0.55336916,-1.6762043,-6.4227962,-6.195477,-5.763776,-6.5631356,-6.0109286,-9.317398,-1.137014,-3.7130582,-13.811812,-6.2507124,-17.03455,-14.678461
-1.9335612,-0.5803526,-0.76113105,0.9985727,0.40939248,-0.98771083,-0.24350436,0.3471628,-2.0732524,-0.5137568,-3.8072526,-4.7706966,5.6288958,-4.455053,-3.1903653,0.29876354,-5.820429,-2.6409326,-3.3937314,-6.0230165
-0.5510474,0.99513584,1.4547894,-1.4452012,-2.0292194,-4.9515853,0.7706762,-1.2147726,-1.2562722,4.6024694,-2.6477206,6.3182554,3.6097941,-4.1898084,-3.4015367,4.6082253,1.4149975,-0.60638976,-1.5141816,-0.46847367
-0.76402205,0.41205332,1.454487,0.9296231,-4.13463,7.045223,-3.0040824,-2.7318432,-2.3433154,2.879913,1.4300019,0.83418274,0.9466629,-2.720531,-4.523011,-5.3338366,-7.34211,-4.1456833,-8.994656,-2.85922
-0.62400836,0.9523937,1.3430839,1.540136,-4.344306,-0.98409724,0.045360062,-1.0190719,-7.4943156,3.6106226,0.40799907,-8.346273,-6.4144173,-1.0295682,-0.34054965,0.27993903,1.3814455,-2.88599,2.423693,6.588297
-0.15263791,0.27725592,2.3448577,0.50739044,-0.45828533,0.015549249,1.0522237,-0.89950037,0.5299915,1.0810906,-1.1332709,-0.124424055,-3.3187468,-2.6454113,-1.2032905,5.990066,-1.3262385,-0.16098282,-1.5195249,-2.0538902
-0.16658615,0.65618527,1.433199,3.7952976,2.527821,0.3230912,0.44303244,0.68418306,-0.77565885,2.5818489,2.3837838,-1.4791546,-0.8749184,1.0383683,-0.23066017,0.16901791,-4.884902,-3.1966543,-4.8592916,-1.7994233
2.3509061,0.4299281,5.2447896,0.63232994,-1.4388757,3.6987126,-2.1936631,-2.424529,-5.1929984,-4.8312073,-1.9604187,-2.1684668,2.474151,-8.324315,0.23305741,6.787415,-3.378505,-0.074079536,-11.301418,0.8814582
0.50615394,1.5861797,-0.80232495,-3.2771912,-3.7598994,-3.932855,5.284629,-1.480005,-0.7576297,-0.4917065,0.096986674,-7.6836276,-1.9753312,-4.4320216,7.1006517,-0.9389385,-6.477324,-3.3346214,4.191093,-4.990586
-2.3422983,-0.16649805,0.25694546,3.334532,-0.5286414,-3.4797153,5.2207966,1.2276306,0.00023315265,-6.140662,-4.070521,-6.469098,2.9080377,-6.936924,-8.236852,-1.216822,-18.036583,-5.9092116,-10.884115,-15.717527
-0.92272204,-0.29800004,1.9519948,1.0000349,-0.21685128,-2.3749948,0.71960616,-0.53055483,-1.6822778,3.1082728,1.1489027,-1.4311103,-0.3165642,-0.37608078,4.106575,0.7735379,5.1092434,-1.6031021,1.040432,-2.3818965
-1.2412627,-0.3241134,0.78899515,-0.561903,0.978524,-0.58772945,-2.0916116,-1.838748,2.7297394,2.9642854,-0.93279105,4.913936,-1.3166959,-2.1964204,0.12562926,0.74219775,-3.4212327,5.6776505,-1.7947628,-1.5605251
-0.4538007,0.9937795,0.31913415,4.073178,0.10169671,-2.862671,-0.59250516,0.38941935,-2.2856414,4.3132424,0.3887816,1.1968337,3.834751,-1.2297167,-0.70093256,1.2980714,-2.2265806,-0.8730303,-0.69775474,4.341814
0.78750855,-1.30718,-2.2253635,-0.6377157,0.9667639,-3.1116784,-0.047269214,-1.4366521,-6.810777,0.3758878,-4.492611,-8.543927,-4.9960756,-0.3591723,-0.42381382,-5.108929,-4.1063795,9.735563,-2.7223585,-0.98873174
0.16006091,-0.60931504,-1.0778266,-0.7170174,2.4289284,-0.56667656,0.4318204,1.2127212,1.3307818,0.50075233,-1.1778638,4.308806,-1.5785743,0.60555977,1.3189285,-1.4852508,-0.7879212,0.36324063,-3.0869734,2.7616966
-2.9619226,-0.22977108,1.2289548,0.009999309,-3.7721672,0.07663481,-1.0872846,-1.1013489,4.27265,-3.1451116,-3.1638985,7.031567,1.9728647,3.890119,8.120657,-0.7484483,-4.0552416,-3.9157302,1.0485811,-8.815765
0.3638362,0.07618764,0.5551972,-1.179088,-1.2070745,1.1214867,1.8676178,-0.05876956,-1.300704,1.2198935,-1.0962868,-1.1171072,-3.9235692,-0.3196315,5.755313,2.8830912,-1.4287299,0.6880025,-0.862011,-0.0055071306
-0.3667783,1.1741968,0.217247,1.3471442,-1.1762816,-2.5575364,-2.438197,-0.87934947,-1.7018057,4.507283,2.0991952,3.0866687,-2.5249212,0.8524241,-1.4027349,1.4915802,0.69086164,-2.147028,0.24997605,2.1293087