0.86800665,-0.41462424,0.7398996,-0.5067187,-0.9600856,1.3962833,-0.57638377,0.7989379,-0.6711306,-0.69835997,0.7406668,-3.2843232,0.24611859,-0.57055336,0.763089,-0.8502888,-2.2296727,-0.62613887,-1.920221,3.793488
2.345342,-2.662684,-6.64672,-4.2835226,-7.9051623,-1.596005,-0.7853998,4.2797837,7.0563273,-1.415885,3.159099,-6.597873,-0.7916243,-3.376929,-1.2714572,-4.9199405,-3.4941921,-11.785438,-0.79537123,-5.7976
-3.434556,-2.5177448,-0.8333122,-0.49750367,0.8609791,1.1112288,0.42325,-1.3808943,-3.9139016,-3.7394855,-2.367015,-6.535699,-3.0673833,-5.4856,-5.0860925,-4.558159,-13.171656,-4.491164,-9.418414,-7.905674
0.55742395,3.90313,-0.27091923,-4.680602,-4.168147,-4.11652,-0.1556486,-2.4034755,1.788488,-7.3575616,-4.8967743,4.851283,1.2167783,-2.99168,-6.5684896,-5.195393,8.068342,2.8134716,-0.0021849796,-1.4439178
-1.4612285,-1.8218906,-0.4334251,6.2418337,-0.8886832,-2.0084124,3.2814648,-1.4117501,4.765089,-1.10193,-0.03978628,-0.5931499,1.3219671,-1.4841732,-2.8233693,0.32042786,6.724294,-1.254667,1.519506,1.1426445
0.07734464,-0.7914781,1.9217948,1.112755,1.579969,-0.070361994,0.4020306,-1.1103067,1.120957,-0.26980418,-1.867245,-1.9662222,-3.269489,-1.5232694,2.9265459,0.7011495,-7.4462867,-0.31944564,-6.2258697,-8.164815
-1.719825,-0.4807689,1.3902268,0.15885346,-0.035678405,7.982797,-3.4460862,-0.09854161,-4.2776246,-2.2497685,-1.8970504,-3.7813306,-3.460152,2.794195,1.7404932,-2.142597,-8.449415,-1.4503076,-8.138399,-7.371654
-1.2410566,0.0043449933,-0.19673784,-0.25233,0.48353544,0.08108543,0.8943012,-0.78442836,2.9530618,2.3315194,0.3477405,-1.2699575,-0.921741,-0.8707655,1.336364,0.20146158,-3.7772548,2.6273468,-3.3113568,-1.6072726
-0.22731802,1.443458,1.7097722,0.95219654,-0.670662,-1.9510446,0.63279676,-0.5754303,-0.6615032,4.18411,0.58624685,1.9493613,-1.2681237,0.89164287,5.0117316,1.7631131,1.174916,-0.7012558,0.32875454,0.35118973
3.3303108,-1.1027142,-11.87208,-10.481144,-4.53556,-6.6691437,-4.7685614,-3.6841,0.5667266,-1.3653926,-3.9296618,1.5916597,-1.4017191,5.5406113,-3.4332275,4.9491687,-1.9221253,-2.231105,3.1509743,3.5284746
0.24789192,0.74236447,2.07302,1.510393,0.33856872,-0.86658365,0.29968315,-0.21795511,-1.7451463,0.09676058,0.673533,-1.7712828,-2.8969476,1.5995162,-0.6942035,5.102874,-1.375344,1.2758298,0.7592212,-2.2120988
-2.9977732,-1.5730978,4.6800885,1.9935092,-5.28473,-6.2469645,-5.9776626,2.338297,-5.7276917,2.6684337,2.2034452,0.05791932,-1.6794677,-5.64728,-6.2300086,-1.1463505,-0.11682829,-1.7622578,4.207142,-3.2932565
-1.8746973,0.52824306,-0.8565719,-0.5693806,1.0851287,1.9699107,-0.45775244,0.495853,-0.15549207,-5.8974476,-0.2926374,-7.38033,-3.5798876,-5.5933857,-1.7997403,-3.2055662,-5.0274014,0.79697776,-7.957694,-8.607652
-0.073323436,-0.24623376,-1.5646195,-5.53011,-6.033316,-4.4441676,-0.5130641,-2.5205345,-4.252534,2.8752666,5.5375085,-1.3353081,3.4387267,-2.6842597,-5.277716,-2.7499514,-6.2641535,-5.339253,-6.30717,-5.0962024
-0.4743896,1.2102997,-1.4538275,-0.16058995,0.93311244,1.602035,-0.5961081,-2.1330469,-7.343237,3.10474,-2.7348263,-7.9152794,-4.208291,7.0659065,3.219133,-1.1077086,-3.8855586,0.22491688,2.9343023,-5.0637884
-0.66791344,-0.07440787,-0.18014099,0.490261,-0.12304549,-1.3665096,5.959508,-1.2837192,-2.3482661,2.5124912,-0.5192329,-2.6186519,-1.9363813,-0.4535632,0.15464577,1.6458669,-1.9879296,0.4916607,-1.2949103,-1.6220696
-3.6711779,0.18285048,-0.96916795,1.2648072,4.0719514,-2.803442,-1.8640314,-2.3564317,0.6287947,2.1661687,-0.85978895,-2.9260595,4.6894503,5.162759,-3.3277252,-1.451224,-8.472035,-4.2270727,-10.572404,-4.0684533
-1.572879,-0.53667146,0.3312246,0.7969954,3.2463892,0.9152161,-0.9302038,-0.9215944,-2.3383877,-3.2105563,-1.7651594,-2.6770713,0.38769144,-2.6919143,-0.5661886,-1.025501,-4.292044,-0.92900664,-3.4651098,-0.8475731
-0.9145934,0.14167275,1.7178104,0.17536557,4.7753787,-0.01983602,1.1374795,-0.5303137,-2.2487552,-0.22326405,-0.6410938,-2.5540974,-3.7680154,4.7623215,6.2995024,-2.1601639,-0.3347559,-1.0944954,0.31361836,-4.7525067
-0.34479707,0.15205476,1.7919309,0.7567698,-0.68402404,-2.0396264,-0.9410167,0.0089609325,0.11533852,4.3870454,-0.28739277,-2.2350621,-0.22771052,-0.3179897,2.5565426,1.6449733,-0.42398074,-0.5835517,-1.6619943,-3.767774
-0.29812735,-0.46604517,-0.94175047,2.8296025,2.2143586,-0.060666036,-0.6132324,-0.6948227,-5.053267,-2.39599,-3.0129235,-1.625994,-5.0463257,-4.285077,-5.0505958,-3.7547266,-13.910072,-2.6044216,-8.781816,-8.434335
0.26963472,-0.19402666,0.02158117,-0.004760486,-1.9313259,3.6178842,-0.11641415,-1.23428,-1.2968504,-2.5485904,-0.5473589,-2.3393128,-1.401673,-3.5832825,-3.155481,-0.9467439,-4.8199425,-2.3752484,8.763126,-3.7676775
-1.1643038,0.55108005,0.50586426,1.8021144,1.4498708,0.015289142,-1.3064612,-0.016160997,-4.4534283,1.4672112,7.078128,-0.50779366,-2.5670455,-0.42070708,0.31306222,1.8842392,-6.26496,-3.2421145,6.6630774,-1.1362
0.43533367,-0.6751516,0.77857566,-4.859825,6.3985815,-1.2719771,0.4618294,0.7953711,-4.1326714,-2.8496768,3.8361638,2.8937047,-0.76868033,-5.877294,-0.4941817,-6.160056,1.9441496,-4.8076215,-3.9374456,3.087413
-1.8814892,0.24543363,1.2400306,2.1304078,0.30736843,1.8370357,-1.5500703,-1.9018459,2.947528,-0.14632827,-1.3691217,-1.3740367,2.7349226,-1.5814548,0.6430696,-0.92770976,-12.609318,-3.842089,-10.082818,-5.568432
0.08522129,-1.5422975,4.253287,-2.7116818,5.2095046,-1.5847175,1.3963801,-0.13457902,0.20767105,-0.84598035,2.006482,-0.9662754,2.2654066,-3.771212,-2.6552076,-0.21804278,-9.192242,-0.9186285,-6.294842,4.6069264
-0.8637106,-0.63870454,0.8061057,-0.7880199,-2.005847,-0.32060063,1.8978223,-2.114004,-1.2779781,0.2982129,-0.43866092,-1.7867849,-1.0041121,1.132298,4.553845,0.9636046,-3.6472213,1.0584759,-1.6339991,-3.8274717
0.3400817,-0.3909306,0.23602186,1.5876223,1.301705,-0.12869264,0.33828437,0.015759783,-1.7525021,2.0315683,1.5172477,1.026448,-1.583962,1.6636289,2.9441922,1.0865663,0.5903242,-1.4576988,0.6965632,-1.5196859
-0.07233677,0.19397989,-1.9168191,-3.5124722,-3.6903825,-4.6264086,2.099989,4.779121,-3.5123038,-1.2801212,-6.0566707,-9.946296,1.2763817,-2.6547291,3.4184282,-5.2376356,0.8619376,-3.5135646,-6.2777324,-5.9552164
-8.15665,-7.688572,-14.995871,-8.606806,-15.449307,-15.456815,-6.281521,-8.538575,-8.28947,-5.817587,-3.9457078,-4.4312506,-0.42861828,-3.6422658,-2.5885952,-3.7704916,-5.040856,-3.1664505,-6.3046765,-10.536598
-2.5600426,0.76603556,-0.5968067,0.7493376,0.09054053,0.94517595,-0.43615627,0.7333537,-3.9188263,-2.7917962,-2.0105433,-8.391091,-3.8265586,-3.5806668,-5.7588544,-3.9560833,-11.782777,4.4963374,-7.611074,-7.8338804
-0.84042495,0.22265813,1.6838666,0.49748152,1.4858328,-2.1277616,0.29161268,-0.079122275,-0.8114081,0.049819026,0.8700539,-0.5240885,-1.2860965,-0.84678024,1.1332805,-2.0951402,-7.4657745,-0.5433313,-0.50420254,-6.3108
-2.8234856,1.407855,1.4333421,-1.4700358,-1.0682952,1.0570639,-0.93467236,-1.8786372,-7.6119924,-6.8621097,-6.2028112,-6.883133,-7.093344,-10.733532,-1.1087166,-5.2717366,-13.81016,-6.8945117,-17.027498,-14.785547
-1.9368043,-0.574064,-0.76400214,1.0052831,0.39449564,-0.98919123,-0.37317586,0.32625324,-2.1464126,-0.6596679,-3.816004,-4.845966,6.01417,-4.7787995,-3.1770163,0.29077208,-5.860898,-2.6862879,-3.385681,-6.0888085
-0.5581229,1.092787,1.2512035,-2.2748008,-2.6395838,-5.0634084,1.339732,-1.4005586,-1.4871953,4.593392,-2.8458493,6.690172,3.4862192,-4.3836284,-3.4704413,5.1018515,1.0911063,-0.52930474,-1.587262,-0.22449952
-0.7569503,0.4597761,1.3622533,0.88415194,-4.0972915,8.006132,-3.7761736,-2.8271842,-2.6903768,2.8818343,1.4230223,0.8232633,1.3961515,-3.0610442,-4.503531,-5.434813,-7.389061,-4.2222557,-9.035882,-2.8500102
-0.63536334,0.7692241,1.638462,2.7247844,-4.3744287,-1.553318,-0.2132863,-1.1646088,-7.6683125,3.7887714,0.34084427,-8.458781,-7.9434943,-1.3253322,-0.37956825,0.120879225,1.5423055,-3.0850098,2.3403208,7.2908936
-0.15604433,0.27631336,2.3025925,0.44507524,-0.49144542,0.019781474,1.7744697,-0.94674706,0.51984,1.1150118,-1.2089077,-0.3829196,-3.7605033,-2.650091,-1.1890434,6.4968133,-1.323024,-0.1732562,-1.5905708,-2.1117828
-0.16870582,0.6484971,1.4257636,4.307416,2.1113849,0.1916877,0.51633036,0.6708831,-0.8976285,1.7138758,2.258111,-1.5013787,-1.6109711,-1.5315245,-0.28494656,0.11554112,-4.9323177,-3.2265534,-4.864649,-1.8274932
2.4214826,0.26903662,5.453858,0.35100067,-1.8011105,4.2984805,-2.6046476,-2.614271,-5.387873,-4.932915,-2.1191676,-2.4254181,2.340241,-8.417565,0.37177882,7.0480742,-3.4374444,0.4621444,-11.348862,1.0549684
0.5752477,1.6903585,-1.8609606,-4.7619147,-4.111977,-4.274287,6.327301,-2.5666857,-0.7864296,-0.68539417,0.24084762,-8.270813,-2.8789742,-4.4828453,7.4873285,-1.0035349,-6.510462,-3.3770726,4.451787,-3.7600768
-2.3724885,-0.35204193,0.12412191,2.4687412,-0.63100284,-3.571867,6.2648106,2.4085565,-0.1346517,-6.2416506,-5.520081,-7.4921837,3.4980853,-7.2420187,-8.387401,-1.3244333,-18.084642,-6.0625734,-10.898893,-15.631825
-0.92361104,-0.2982767,1.9533715,0.99527663,-0.26124674,-2.3733919,0.7398975,-0.5330051,-1.610285,3.2185862,1.1303228,-1.4755534,-0.6212411,-0.39365044,4.209106,0.7489718,6.071404,-1.6053641,1.0346116,-2.3945832
-1.242774,-0.32562488,0.78843206,-0.56263274,1.0068291,-0.5742448,-2.023656,-1.8379991,2.7405372,2.9897444,-0.9562661,5.093923,-1.4534225,-2.24284,0.138995,0.73811424,-3.728023,5.7300415,-1.9457157,-1.5906864
-0.4563654,0.9804699,0.28544623,4.4504538,0.21696515,-2.8741522,1.9979329,0.3852102,-2.5228562,4.2667065,0.084156945,1.205444,1.3158771,-1.2840475,-0.69508314,1.2611932,-2.3717253,-0.8907374,-0.80956066,4.8095517
0.8465714,-1.373211,-2.2785356,-0.80312157,1.3583212,-3.260655,0.4812089,-1.5985016,-6.962205,0.4145731,-4.6784043,-8.562867,-6.3316016,-0.4390576,-0.4824375,-5.273926,-4.1648564,10.273358,-2.729789,-0.75875264
0.15729576,-0.6083263,-1.1116924,-0.7483139,2.383913,-0.5735132,0.3095361,1.2354414,1.3212553,0.47752,-1.244417,4.3679953,-1.8078403,0.5891904,1.1341988,-1.5152601,-1.0320342,0.35994026,-3.1086278,4.8864465
-3.0311687,-0.56190604,1.5862052,-0.04965887,-4.044562,0.26205316,-1.3337588,-1.5375708,4.6143413,-3.227513,-3.0990562,7.070646,1.9293573,4.2858524,8.358992,-0.6027481,-4.4360256,-3.986029,1.0799174,-8.878249
0.36326158,0.076920286,0.55531424,-1.1875802,-1.210917,1.1037103,1.856644,-0.06063592,-1.2830464,1.2149262,-1.0891021,-1.1436739,-3.9979897,-0.32755688,5.798599,3.10707,-1.416653,0.6842714,-0.8652971,0.017473333
-0.3693305,1.1889143,0.20265949,1.069092,-0.6477848,-2.469027,-2.6562123,-0.88543826,-1.6548897,4.472682,1.946521,3.1383646,-2.6330082,0.8403462,-1.4302595,1.3366721,0.6353348,-2.1546764,0.24487574,2.135261