0.8678298,-0.41347277,0.73080915,-0.50745267,-0.9219896,1.52621,-0.5596037,0.79802364,-0.67623734,-0.690144,0.7401485,-3.2763393,0.27376392,-0.56391454,0.75650847,-0.81702185,-2.10918,-0.6226266,-1.9145573,3.7392151
2.244385,-2.0029862,-6.1722746,-6.2341523,-7.7698083,-1.2417299,-0.76155096,4.827399,5.9416084,-1.3596097,2.9583652,-6.580872,-0.4108673,-3.1102688,-1.253487,-4.7176633,-3.3597925,-11.731322,-0.8027642,-5.599894
-3.4343247,-2.5188434,-0.83302665,-0.49731326,0.8609606,1.1112621,0.42346573,-1.3789432,-3.9769645,-3.729531,-2.3647137,-6.5295224,-3.0833473,-5.457858,-5.0865703,-4.5572386,-13.174275,-4.48423,-9.413461,-7.905384
0.70756114,3.3204029,0.40411827,-4.1471696,-3.9394221,-3.7800515,-0.88588893,-2.195869,1.8176422,-7.3124366,-4.7244115,4.8581476,1.6907563,-2.6861463,-6.4462013,-5.1478276,7.8142934,2.7360375,0.0058636996,-1.345777
-1.4411427,-1.7767669,-0.12518495,6.834499,-0.7243793,-1.9733083,2.7285962,-1.1878875,4.6432185,-0.96523196,-0.18832709,-0.11317748,0.31839317,-1.0753367,-2.7782474,0.34880418,6.614896,-1.2124003,1.5193745,1.1541802
0.07347084,-0.79002696,1.9231659,1.1146944,1.580672,-0.072641864,0.3464122,-1.1029196,0.24471754,-0.26265332,-1.841088,-1.7051142,-3.1725044,-1.4748124,2.8724895,0.7698458,-7.417259,-0.2905417,-6.222593,-8.14677
-1.7151304,-0.48344415,1.3890342,0.16373001,-0.011312873,7.971599,-3.2377298,-0.14901093,-4.3141346,-2.2272143,-1.7110014,-3.7419548,-3.2105196,2.9252129,1.6165401,-2.1306593,-8.385544,-1.4285879,-8.123338,-7.3652744
-1.2408718,0.0037761063,-0.19655983,-0.25207478,0.4831814,0.08108936,0.90167785,-0.78403497,2.9396462,2.3316224,0.3465302,-1.2467983,-0.895019,-0.85968995,1.3292108,0.20459457,-3.7688997,2.6281958,-3.311095,-1.6077557
-0.22731377,1.443356,1.7132062,0.9604692,-0.6650094,-1.963326,0.6151946,-0.5744523,-0.68587583,4.154933,0.58550864,1.9496046,-1.2440305,0.8961945,4.9373198,1.7667165,1.1742029,-0.70041883,0.33172038,0.3500997
3.2720814,-1.3525869,-11.2926035,-10.3604965,-4.5206394,-6.3358097,-4.574484,-3.568199,0.47715676,-1.3324349,-3.900179,1.587317,-1.273412,5.5798316,-3.4192529,4.9120893,-1.8995203,-2.3496585,3.1151423,3.4983902
0.24809128,0.74215853,2.0715504,1.513375,0.34606284,-0.8778776,0.2845112,-0.21695943,-1.7630175,0.09955579,0.66347456,-1.7631375,-2.8693867,1.6012366,-0.6947515,5.0696955,-1.3824828,1.2816133,0.75809145,-2.208595
-2.8553197,-1.5725213,4.550084,1.8672497,-5.1324034,-5.934954,-5.7109413,2.2907481,-5.6236777,2.6709766,1.8606269,0.033207234,-1.26769,-5.544752,-6.2095423,-1.1363289,-0.0942001,-1.7506058,4.1102552,-3.2234614
-1.8731687,0.5246269,-0.85348916,-0.5701431,1.0825707,1.969336,-0.45496774,0.50193614,-0.25833964,-5.873447,-0.29705703,-7.251602,-3.4419084,-5.5178328,-1.7956331,-3.1976938,-5.024108,0.8107155,-7.95788,-8.593938
-0.093432166,-0.22647329,-1.5265216,-5.3295507,-5.891479,-4.448378,-0.3786229,-2.4089806,-4.2105246,2.88476,5.537676,-1.3147213,3.0439668,-2.678325,-5.001574,-2.7068896,-6.197055,-5.3162475,-6.292621,-5.0785055
-0.46875733,1.1506996,-1.4106476,-0.15650868,0.9369201,1.6267272,-0.41626588,-2.12296,-7.2138953,3.098187,-2.7093346,-7.8577747,-4.080874,7.325305,3.2180417,-1.0862397,-3.8810918,0.36076155,2.876689,-5.0223646
-0.6678318,-0.072842054,-0.17869687,1.0765734,-0.031295698,-1.3886305,5.234597,-1.2555093,-2.3568742,2.520025,-0.52016044,-2.6087928,-1.8379773,-0.45074353,0.19724892,1.6506922,-1.9845952,0.49371195,-1.2966605,-1.6175271
-3.621807,0.0114475405,-0.6443895,1.3055286,4.3194485,-2.7392347,-1.4964792,-2.2682245,0.6825332,2.1912646,-1.056897,-2.9105551,3.8597028,5.2187495,-3.2405303,-1.4241766,-8.450901,-4.140948,-10.566655,-4.035318
-1.5727787,-0.53672457,0.33135766,0.7965394,3.2466571,0.91519725,-0.9307808,-0.9209966,-2.3652697,-3.1998692,-1.7741611,-2.668114,0.38307258,-2.6802866,-0.57321054,-0.98104984,-4.291208,-0.924714,-3.4654517,-0.8501741
-0.9141824,0.14503534,1.7229372,0.19727695,4.5234156,-0.0021403364,1.0175507,-0.5214559,-2.318313,-0.2193847,-0.65327007,-2.5295534,-3.5584834,4.8901553,6.0549345,-2.1450913,-0.35020187,-1.089296,0.31448635,-4.7278867
-0.34434858,0.15345716,1.7726275,0.7738745,-0.67219615,-2.0009146,-0.9788638,0.010978477,-0.019092688,4.3523283,-0.27355725,-2.2278905,-0.17245512,-0.30501208,2.5049813,1.6643654,-0.42835182,-0.5807999,-1.6587712,-3.766377
-0.30455244,-0.45869252,-0.93790436,2.8524203,2.2154925,-0.052495033,-0.86654407,-0.6742788,-4.98435,-2.2578793,-2.9486396,-1.6102121,-4.872829,-4.25145,-5.057295,-3.617585,-13.892355,-2.5485525,-8.777273,-8.332688
0.2604219,-0.18971887,0.034115095,0.031781428,-1.9263126,3.5986826,-0.14363945,-1.2217643,-1.2887855,-2.5334926,-0.5321224,-2.3244014,-1.3455093,-3.5670528,-3.1595087,-0.9413355,-4.8148265,-2.3493059,8.693305,-3.6104882
-1.1613543,0.54689837,0.5082912,1.8023928,1.4510022,0.0047202017,-1.3069415,-0.009925959,-4.46396,1.5088265,6.882042,-0.50463104,-2.3288724,-0.35462534,0.2999577,1.9076835,-6.2251964,-3.2209048,6.596835,-1.0992616
0.3782956,-0.5076041,0.8170882,-4.1863365,5.9228735,-1.1378886,0.27762046,0.99758255,-3.9021425,-2.73061,3.9129877,2.7513921,-1.541157,-5.8062425,-0.42101786,-6.0864525,1.9523832,-4.6845264,-3.9255815,3.078234
-1.8798218,0.24217832,1.2420794,2.13248,0.30969012,1.8195525,-1.4983621,-1.8990116,2.986736,-0.14252791,-1.3730373,-1.3572786,2.5895936,-1.5229683,0.65634257,-0.8954047,-12.604371,-3.8173347,-10.07901,-5.571724
0.08339445,-1.5079626,4.2107153,-2.5801954,4.7417574,-1.3527013,1.4864094,-0.10623562,-0.03680905,-0.7951574,1.561389,-0.8505087,1.7570755,-3.5637538,-2.6527662,0.012120606,-9.269008,-0.82275426,-6.2537746,4.498316
-0.86364967,-0.63961625,0.84563696,-0.7702678,-1.9951043,-0.3428907,1.485399,-2.1121643,-1.2918298,0.29976347,-0.44548824,-1.7793204,-0.9684245,1.1359395,4.5201473,0.9689127,-3.6785092,1.0563802,-1.6318736,-3.8258343
0.3400589,-0.3904829,0.23735769,1.5903883,1.304,-0.16388093,0.31057855,0.016435115,-1.7657449,2.0366127,1.4988909,1.0258795,-1.5928274,1.6672113,2.914462,1.1166884,0.58986694,-1.456069,0.6962234,-1.5284066
-0.064081565,0.208117,-1.7733014,-2.7337286,-3.5818658,-4.5584836,1.9219644,4.401382,-3.4147727,-1.1322848,-5.962836,-9.776755,1.3241965,-2.5793488,3.2703466,-4.9753017,0.94590366,-3.4741662,-6.260189,-5.943223
-8.143512,-7.856097,-14.645696,-7.2690372,-15.365915,-15.407914,-6.3005757,-8.475851,-8.25743,-5.8055525,-3.9710941,-4.435162,-0.48825207,-3.637239,-2.5890093,-3.7692437,-5.041005,-3.1655986,-6.304715,-10.53372
-2.5540786,0.6756879,-0.57392216,0.7835523,0.091705695,0.9508867,-0.38439062,0.76021296,-3.84819,-2.7626212,-1.9841014,-8.297043,-3.734355,-3.4309006,-5.739771,-3.9356277,-11.758734,4.532348,-7.6229353,-7.824441
-0.8399901,0.22142938,1.6846064,0.49784243,1.4895594,-2.1214178,0.30311003,-0.07646507,-0.8456841,0.054176684,0.8516898,-0.5205582,-1.246396,-0.8354261,1.1305742,-2.084521,-7.46373,-0.5349141,-0.5075387,-6.3073435
-2.7776442,1.2174613,1.4739977,-1.4310718,-1.0644418,1.034641,-0.7561457,-1.7671494,-7.3354955,-6.5620427,-6.0042095,-6.7860017,-6.6135364,-10.1537485,-1.0116923,-4.8276167,-13.805566,-6.5311866,-17.029768,-14.732763
-1.9354101,-0.57775706,-0.7626601,1.0026313,0.40444463,-0.98785394,-0.27864993,0.334506,-2.1229,-0.5784989,-3.8119817,-4.8199816,5.73365,-4.6250706,-3.18112,0.30194756,-5.8504457,-2.6643746,-3.3906407,-6.0551763
-0.55473375,1.0608684,1.2923052,-1.8102752,-2.2374272,-4.914076,1.1254752,-1.3127112,-1.4167274,4.596982,-2.7968533,6.410437,3.5821333,-4.3092575,-3.4211495,4.9214916,1.2955841,-0.54116535,-1.583728,-0.3243091
-0.7615078,0.4430243,1.394418,0.9108228,-4.08342,7.5723796,-3.3862755,-2.7867105,-2.6532881,2.8848855,1.3822966,0.7983763,1.2204962,-2.9098277,-4.491644,-5.39474,-7.368088,-4.1853204,-9.021882,-2.8476958
-0.62350947,0.7017766,1.5539719,3.5647352,-4.3152676,-1.1399428,0.15178032,-1.0637053,-7.57851,3.7496529,0.3209362,-8.433531,-6.7803884,-1.2086579,-0.3981923,0.18192963,1.4594014,-2.9724424,2.3467364,7.113477
-0.15510209,0.27587473,2.3657277,0.46351087,-0.47079068,0.022333305,1.3306123,-0.9443344,0.5143506,1.098209,-1.1740074,-0.2895072,-3.6110532,-2.646681,-1.1960561,6.303138,-1.3240576,-0.16705915,-1.560072,-2.081903
-0.16803466,0.65171033,1.4278024,3.8819883,2.596447,0.19876407,0.43799043,0.67411244,-0.84721625,2.0260634,2.2648482,-1.4909989,-1.1189978,-0.60549074,-0.2590623,0.13277404,-4.918006,-3.2129974,-4.8628354,-1.824176
2.3873856,0.3160179,5.4349775,0.51358706,-1.6273451,3.8815086,-2.3404474,-2.5444489,-5.345584,-4.8890424,-2.0746741,-2.3571305,2.3977058,-8.384643,0.31590143,6.9681387,-3.4282613,0.32804435,-11.328511,1.0651991
0.56647044,1.5548037,-1.1816647,-4.3343244,-3.8714962,-4.0430493,5.575757,-1.9055315,-0.66885436,-0.5826414,0.14997989,-8.071074,-1.8120129,-4.45628,7.3697906,-0.9749959,-6.497625,-3.3529747,4.343595,-3.6788607
-2.3474293,-0.26064014,0.2026102,2.948888,-0.5488253,-3.5638359,5.448615,1.8030685,0.06666193,-6.1940484,-4.2906275,-6.9946895,3.599236,-7.129762,-8.307404,-1.265574,-18.05684,-6.0174007,-10.89381,-15.611414
-0.92329377,-0.29824233,1.9529108,0.9974948,-0.23927817,-2.3807933,0.68152446,-0.5317065,-1.668695,3.1853492,1.1262779,-1.4520174,-0.5017857,-0.38442686,4.1777143,0.75718844,5.806767,-1.6042145,1.0377865,-2.3885834
-1.2422072,-0.32541627,0.7891856,-0.56210774,0.9952943,-0.5912825,-2.0634894,-1.8359514,2.7119708,2.9801354,-0.95087343,5.0537915,-1.380684,-2.226564,0.13386613,0.7356763,-3.5544138,5.698645,-1.978048,-1.57452
-0.45575425,0.98351073,0.30083454,4.2135415,0.25063413,-2.8709042,1.487376,0.39024144,-2.4211497,4.27676,0.3723554,1.1909441,1.7129126,-1.2687546,-0.6980919,1.277167,-2.3147318,-0.8874452,-0.763752,4.7599106
0.8249138,-1.3618603,-2.249725,-0.76637167,1.283339,-3.1840732,0.23730971,-1.5371854,-6.9016128,0.41411152,-4.633079,-8.560926,-5.513376,-0.4180541,-0.42299876,-5.2040977,-4.150956,10.106896,-2.7304704,-0.75654787
0.15791105,-0.6092828,-1.1008123,-0.7284538,2.4256372,-0.57066435,0.33932436,1.2283636,1.3143681,0.48490155,-1.2212416,4.336905,-1.686966,0.5955295,1.2219683,-1.5021031,-0.92708117,0.36140215,-3.101874,3.8727257
-2.9996846,-0.49086085,1.4957882,-0.010403605,-4.0103397,0.1935733,-1.2796304,-1.357172,4.570537,-3.1789443,-3.150796,7.0536437,2.0209537,4.001961,8.307378,-0.5954794,-4.2434764,-3.942548,1.0586131,-8.843381
0.36345017,0.07634527,0.55591094,-1.1765326,-1.2075323,1.1131257,1.8460784,-0.05972267,-1.2982074,1.2170172,-1.093699,-1.1291924,-3.952071,-0.32323903,5.7841916,3.0059316,-1.4159194,0.68594104,-0.8640491,0.038063187
-0.36819962,1.1824542,0.20792778,1.1039715,-0.62573314,-2.5226865,-2.5671544,-0.8826898,-1.6960052,4.491172,2.0357213,3.10477,-2.5715914,0.8443036,-1.4129757,1.3791957,0.6812391,-2.151958,0.24655806,2.1328607