0.8669586,-0.4074114,0.7066444,-0.50095123,-0.8976371,1.7096384,-0.5003476,0.7965923,-0.67539144,-0.6687018,0.6558502,-3.2555242,0.2788166,-0.5531777,0.7934372,-0.76764274,-2.0712852,-0.6113043,-1.8925475,3.6731737
1.9235361,-1.7575731,-5.454236,-5.941598,-7.495856,-0.5915853,-0.7395198,4.8010178,5.3345337,-1.255534,2.7336168,-6.4400444,-0.36621565,-2.5208035,-1.2924358,-4.0960007,-3.39191,-11.577995,-0.80405706,-5.086142
-3.4338758,-2.5190794,-0.83296,-0.4976959,0.86098975,1.1112199,0.423852,-1.3776367,-3.9842484,-3.694491,-2.3656602,-6.515401,-3.087942,-5.4144278,-5.0081105,-4.5535207,-13.187219,-4.461316,-9.407195,-7.906282
0.76609725,3.5438182,-0.94687927,-3.5063906,-3.4302287,-3.12841,-0.07535511,-1.7826378,1.5773897,-7.2157426,-4.3929973,4.9967384,1.9242021,-2.146329,-6.337398,-5.0590086,7.0590825,2.1847942,0.0827839,-1.0368677
-1.3901174,-1.5132316,0.69529444,6.035796,-0.5531109,-1.9722506,2.4336412,-0.76489615,4.360665,-0.61308676,-0.44191015,0.4747926,0.93889,-0.63091475,-2.6507223,0.49852243,5.687176,-1.0664903,1.5934494,1.0315783
0.06795776,-0.8171297,1.9460931,1.1150445,1.5820258,-0.07085795,0.17367962,-1.0520592,-0.1690662,-0.25498438,-1.8121539,-1.5621781,-2.9403865,-1.4326892,2.923688,0.93973756,-7.4638104,-0.2683539,-6.2157865,-8.05834
-1.7074941,-0.48636132,1.3972194,0.16438879,0.057639956,7.5595427,-2.9384174,-0.28089955,-4.451389,-2.144407,-0.17384312,-3.6246939,-3.1318007,3.0208056,1.4255352,-2.1061742,-8.136178,-1.3787038,-7.998599,-7.3038917
-1.2405182,0.0037352254,-0.19733919,-0.25177133,0.47934735,0.08363666,0.9365898,-0.7830552,2.9390018,2.3328338,0.34026158,-1.2306571,-0.86930126,-0.8392209,1.3146082,0.21460523,-3.7699914,2.6255536,-3.3101468,-1.6064805
-0.22731122,1.4437389,1.7137616,0.9670739,-0.65979815,-1.9569306,0.6066626,-0.5718708,-0.67928064,4.1146197,0.56815296,1.9515835,-1.2201909,0.90616065,4.8198857,1.7752194,1.0848311,-0.69515175,0.33491313,0.32556868
3.088024,-1.2829603,-10.797924,-10.193734,-4.464794,-5.801238,-4.2346296,-3.280383,0.33866686,-1.3307474,-3.7903886,1.6651826,-1.0945332,5.64402,-3.2233524,4.8062034,-1.9545012,-2.7997704,3.0938869,3.3310223
0.24860357,0.7434431,2.0611703,1.5175698,0.35391772,-0.8986806,0.29730618,-0.21423917,-1.76548,0.10361213,0.5965321,-1.7428794,-2.812514,1.6046808,-0.5799589,5.0291443,-1.4060296,1.2908214,0.75892144,-2.2325423
-2.6332777,-0.8139115,3.7748084,1.7923477,-4.875542,-5.4014015,-5.34006,2.1403913,-5.61982,2.6546464,1.4664856,0.055151105,-1.0493668,-5.2556386,-6.082828,-1.1408175,-0.15869324,-1.7193485,3.9585743,-3.1034417
-1.8705393,0.5438583,-0.846368,-0.5713591,1.0742954,1.9065189,-0.4423416,0.51378113,-0.2512644,-5.784189,-0.2811018,-7.137029,-3.350325,-5.1642747,-1.7480555,-3.1787267,-5.025208,0.8549353,-7.9639664,-8.571678
-0.19041315,-0.14279866,-1.4760897,-4.6621494,-5.8730145,-4.6738772,1.0666132,-2.2219956,-4.163434,2.906672,5.420517,-1.2601172,1.425898,-2.6666934,-4.436304,-2.5923665,-6.207938,-5.233622,-6.271209,-3.908978
-0.46187586,1.1127491,-1.389731,-0.16308437,0.9390036,1.6356686,-0.032726783,-2.1029205,-6.939719,3.0807173,-2.64901,-7.6217847,-3.9408445,7.7687063,3.1625059,-1.0450648,-3.827798,0.49921152,2.7308872,-4.9836245
-0.6677664,-0.07051395,-0.18460836,0.8010957,-0.010913283,-1.3980997,5.5673966,-1.2324209,-2.3573234,2.5190935,-0.5228553,-2.5991702,-1.8714594,-0.4460885,0.23703751,1.6611302,-2.116353,0.50018966,-1.2989012,-1.6436414
-3.5290663,0.2751614,-1.3543739,1.2004372,5.1340404,-2.6142983,-0.4307341,-1.9731885,0.40920553,2.3280215,-1.1536453,-2.695291,3.0986571,3.5760546,-3.1326926,-1.4720992,-8.397978,-3.907524,-10.539374,-3.9611425
-1.5725805,-0.53679365,0.33123443,0.7951673,3.2471495,0.9155914,-0.9294764,-0.9190745,-2.3169627,-3.1742206,-1.7989508,-2.6447544,0.38511118,-2.6453447,-0.5592581,-0.9166164,-4.31127,-0.9053747,-3.4658558,-0.85758716
-0.9133778,0.15234938,1.728516,0.006967339,4.0661397,0.038116198,2.0447361,-0.5146839,-2.3430853,-0.20978484,-0.6412904,-2.4956355,-3.4930074,5.2675686,5.489466,-2.0738738,-0.67382425,-1.065735,0.3120037,-4.593861
-0.34362888,0.15805142,1.7239082,0.7902376,-0.66071475,-1.9283696,-0.9673169,0.012453081,-0.021926282,4.3049707,-0.2736908,-2.2032452,-0.1268454,-0.28163534,2.3964024,1.7452198,-0.5400192,-0.57368726,-1.6567187,-3.760234
-0.3160534,-0.46167845,-0.9313912,2.7914312,2.2325664,-0.029491965,-0.62663555,-0.6306513,-4.8268332,-2.1320179,-2.8816044,-1.5437347,-4.582911,-4.0933576,-3.8078787,-3.3378756,-13.838257,-2.4469182,-8.707196,-8.188381
0.24305741,-0.17632036,0.053045925,0.0073883794,-1.9163859,3.4015465,-0.095727265,-1.1953074,-1.240931,-2.5008466,-0.48241934,-2.2729497,-1.1972924,-3.5354657,-2.9943478,-0.97999394,-4.881515,-2.2971358,8.610801,-3.360767
-1.1562965,0.540209,0.5099502,1.8016367,1.4560912,0.019550066,-1.238712,0.0051368917,-4.4323945,1.5867715,6.5970335,-0.4394669,-2.197578,-0.2744955,0.28520182,2.0509794,-6.2139416,-3.1825173,6.525064,-1.0654413
0.4550406,-0.08735107,1.1296064,-3.7257636,4.7242923,-1.1764252,0.2749164,1.0181452,-3.7824898,-2.4673674,3.5067022,2.355894,-1.333751,-5.604315,0.53396595,-5.963987,1.3213828,-4.5537987,-3.8817194,2.3352928
-1.8766942,0.2403958,1.2438143,2.1358314,0.31728,1.7972769,-1.3933024,-1.8933101,3.146638,-0.13461064,-1.3873928,-1.3164301,1.638228,-1.3721066,0.7168297,-0.82447743,-12.599602,-3.7628121,-10.06805,-5.5766625
0.08948343,-1.4231415,4.039699,-2.3001916,3.8788218,-1.5006719,-0.066949464,0.034751613,-0.079101175,-0.69231594,1.3053291,-0.6076208,1.7089351,-2.7451239,-2.521094,0.56023395,-9.584203,-0.6952957,-6.120212,4.0792046
-0.86347777,-0.63726985,0.82760537,-0.73954743,-1.9884924,-0.362073,1.1655365,-2.0900586,-1.2921543,0.30551863,-0.48185635,-1.7691156,-0.7585105,1.1398915,4.4717565,0.98503363,-3.793986,1.0505704,-1.628271,-3.829717
0.33999726,-0.3865398,0.22786054,1.5814208,1.3090678,-0.15461867,0.31156284,0.01836098,-1.7720069,2.0472848,1.4176079,1.0283197,-1.5790137,1.6728549,2.8633862,1.1914041,0.5078604,-1.452379,0.6957419,-1.5431391
-0.04603398,0.25860447,-1.5412338,-2.4358053,-3.567819,-4.498242,2.19377,3.8971608,-3.2312787,-0.7186011,-5.7681804,-9.423536,1.4317983,-2.4710135,3.3777022,-4.5621295,-1.2750823,-3.3366673,-6.2198815,-5.529939
-8.118421,-7.709571,-14.404261,-7.11062,-15.210105,-15.286273,-7.4952445,-8.428016,-8.209634,-5.762123,-3.9968302,-4.4177666,-0.45633683,-3.6302571,-2.5873735,-3.7670124,-5.055304,-3.1645288,-6.305028,-10.520031
-2.544884,0.59970057,-0.5599382,0.77982837,0.11984204,0.9610481,-0.27612764,0.78889304,-3.049514,-2.634799,-1.9406623,-8.095834,-3.6302931,-3.2238743,-5.5810056,-3.8315566,-11.726522,4.8047395,-7.6487317,-7.803535
-0.83917606,0.22017948,1.6847932,0.49839532,1.4965962,-2.1291935,0.34408283,-0.07342124,-0.8461027,0.06697761,0.84384865,-0.5110127,-1.2263951,-0.79990095,1.1293032,-2.0438342,-7.4713545,-0.5030597,-0.51478976,-6.3054237
-2.6851895,1.1892259,1.4293579,-1.4957124,-1.0195092,0.9660788,-0.4761764,-1.6321359,-6.219,-5.8881664,-5.8326344,-6.3757877,-5.8934164,-8.953486,-0.25738257,-3.1160126,-13.853389,-6.036359,-17.018133,-14.630448
-1.9329689,-0.5831739,-0.7604054,0.99836475,0.41084057,-0.9895685,0.2702693,0.36956623,-2.0377636,-0.46035087,-3.8086195,-4.747529,4.970444,-4.3091807,-3.0731862,0.12699734,-5.821282,-2.6327295,-3.349797,-6.0138383
-0.5516176,0.99420464,1.4505571,-1.3318869,-2.0069768,-5.020599,1.0048834,-1.1606059,-1.1790395,4.6444817,-2.6955824,6.38202,3.354121,-4.1300845,-3.2527483,4.426238,0.9423411,-0.5990368,-1.4862244,-0.48520517
-0.7770366,0.42215815,1.4678153,0.946436,-4.1366076,6.648983,-3.0865023,-2.6948273,-2.292395,2.9431486,1.4562584,0.87409294,0.66401726,-2.668572,-4.111846,-5.3110237,-7.346086,-4.1283894,-8.983379,-2.5786948
-0.6468473,0.9572067,1.3255738,1.3454869,-4.319507,-0.8646182,0.03881324,-1.0041491,-7.441727,3.7642584,0.33004543,-8.290015,-6.201055,-0.95857805,0.112759896,0.3137584,1.1899866,-2.8046288,2.5034442,6.8634067
-0.15235886,0.2771847,2.3368459,0.5137567,-0.45232463,0.013429168,1.0722535,-0.8991675,0.5550902,1.0826694,-1.1330825,-0.04856205,-3.2710135,-2.6341698,-1.170444,5.8814974,-1.3350736,-0.14827943,-1.5026792,-1.9992032
-0.1663304,0.65483016,1.4334756,3.6231723,2.7466624,0.32434657,0.48655716,0.68576986,-0.76330173,2.662477,2.3801432,-1.4758477,-0.85096216,1.2879006,0.17915332,0.17806734,-4.890286,-3.1755338,-4.8557596,-1.7971783
2.3271606,0.47452626,5.1069956,0.7856565,-1.3972429,3.40672,-1.9024073,-2.36289,-5.067607,-4.775735,-1.9979693,-2.0954149,2.3595703,-8.295164,0.33541736,6.743252,-3.3945117,-0.20243551,-11.288059,0.94873273
0.46764508,1.3657885,-0.64757234,-2.692984,-3.6721332,-3.7991385,5.5078144,-1.1898721,-0.73866767,-0.3599038,0.08487632,-7.5374126,-1.8830884,-4.4406056,7.525631,-0.9496491,-6.454455,-3.635733,4.110638,-3.8883188
-2.3363225,-0.18794402,0.27648625,3.0973575,-0.4928699,-3.6151443,5.640431,1.4807216,-0.0070133545,-6.1014743,-4.058914,-6.3645115,2.4393456,-6.795018,-8.159658,-1.2353071,-18.033716,-5.8733134,-10.879121,-15.566663
-0.9225734,-0.2977343,1.9504132,1.0013798,-0.20238823,-2.3649428,0.80694574,-0.5297972,-1.7019943,3.102869,1.0996394,-1.4244555,-0.29826587,-0.37002337,4.1498475,0.77738154,5.0125175,-1.6014978,1.041644,-2.3787658
-1.2408842,-0.32278997,0.7874628,-0.5614626,0.9748512,-0.58285356,-2.0744717,-1.8414581,2.7496362,2.9638724,-0.9595219,4.7502375,-1.3068994,-2.18681,0.17573746,0.7539966,-3.4066265,5.6678734,-1.3921459,-1.5489429
-0.4535345,0.99758106,0.32443666,3.886693,0.13414139,-2.8597512,-0.5449846,0.3892503,-2.2740598,4.35738,0.37977928,1.2000289,3.8438506,-1.2171478,-0.6858525,1.2960513,-2.206876,-0.8710637,-0.680761,4.3218365
0.7667684,-1.2929786,-2.220085,-0.64496714,0.7678496,-3.0545857,0.010301777,-1.387261,-6.779918,0.39255396,-4.473403,-8.523289,-4.832065,-0.2364226,-0.37794974,-5.056219,-4.1723,9.539369,-2.712798,-0.8690353
0.16066185,-0.60995233,-1.0777472,-0.71599436,2.4096854,-0.56465,0.50014997,1.2100056,1.3314205,0.5082648,-1.1782875,4.300361,-1.5573561,0.61292315,1.2419934,-1.4813436,-0.77530557,0.36420855,-3.0781796,2.5908039
-2.954995,-0.16424355,1.1543049,0.040068943,-3.5970576,0.07362475,-1.0124854,-1.0392901,4.1662893,-3.108661,-3.2116253,6.6297464,1.8631169,3.793274,8.482002,-0.8012926,-4.0105,-3.8368156,1.0701282,-8.755366
0.36382833,0.0765579,0.5513491,-1.1890293,-1.207034,1.1222829,1.9120426,-0.05805663,-1.3037521,1.2220681,-1.1155484,-1.1128004,-3.913934,-0.31291738,5.7510858,2.8578022,-1.4756118,0.6911029,-0.8605495,0.0021902877
-0.3665233,1.1723173,0.21542993,1.3421936,-1.1440632,-2.5091805,-2.3131633,-0.87739074,-1.7188969,4.521096,2.0322535,3.0853162,-2.498671,0.85442805,-1.3708917,1.5394148,0.6103412,-2.1454833,0.25161287,2.1276438